 7e a0 2a 41 08 83 13 04 13 e6 e7 00 0f 40 00 00 00 00 01 01
 02 03 09 06 01 00 01 07 00 ff 06 00 00 01 16 02 02 0f 00 16
 1b 15 4b 7e 7e a0 2a 41 08 83 13 04 13 e6 e7 00 0f 40 00 00
 00 00 01 01 02 03 09 06 01 00 01 07 00 ff 06 00 00 01 15 02
 02 0f 00 16 1b 7b e3 7e 7e a0 2a 41 08 83 13 04 13 e6 e7 00 0f 40 00 00 00 00 01 01
 02 03 09 06 01 00 01 07 00 ff 06 00 00 01 14 02 02 0f 00 16
 1b ae 7c 7e 7e a1 1e 41 08 83 13 ee ee e6 e7 00 0f 40 00 00
 00 00 01 0d 02 02 09 06 01 01 00 02 81 ff 0a 0b 41 49 44 4f
 4e 5f 56 30 30 30 31 02 02 09 06 00 00 60 01 00 ff 0a 10 37
 33 35 39 39 39 32 39 30 39 34 32 37 34 38 39 02 02 09 06 00
 00 60 01 07 ff 0a 7e a1 1e 41 08 83 13 ee ee e6 e7 00 0f 40 00 00 00 00 01 0d
 02 02 09 06 01 01 00 02 81 ff 0a 0b 41 49 44 4f 4e 5f 56 30
 30 30 31 02 02 09 06 00 00 60 01 00 ff 0a 10 37 33 35 39 39
 39 32 39 30 39 34 32 37 34 38 39 02 02 09 06 00 00 60 01 07
 ff 0a 04 36 35 36 30 02 03 09 06 01 00 01 07 00 ff 06 00 00
 01 14 02 02 0f 00 16 1b 02 03 09 06 01 00 02 07 00 ff 06 00
 00 00 00 02 02 0f 00 16 1b 02 03 09 06 01 00 03 07 00 ff 06
 00 00 00 c9 02 02 0f 00 16 1d 02 03 09 06 01 00 04 07 00 ff
 06 00 00 00 00 02 02 0f 00 16 1d 02 03 09 06 01 00 1f 07 00
 ff 10 00 11 02 02 0f ff 16 21 02 03 09 06 01 00 33 07 00 ff
 10 00 11 02 02 0f ff 16 21 02 03 09 06 01 00 47 07 00 ff 10
 00 10 02 02 0f ff 16 21 02 03 09 06 01 00 20 07 00 ff 12 02
 8f 02 02 0f ff 16 23 02 03 09 06 01 00 34 07 00 ff 12 02 92
 02 02 0f ff 16 23 02 03 09 06 01 00 48 07 00 ff 12 02 90 02
 02 0f ff 16 23 1e 53 7e 
 7e a0 2a 41 08 83 13 04 13 e6 e7 00
 0f 40 00 00 00 00 01 01 02 03 09 06 01 00 01 07 00 ff 06 00
 00 01 15 02 02 0f 00 16 1b 7b e3 7e 7e a0 2a 41 08 83 13 04 13 e6 e7 00 0f 40 00 00 00 00 01 01
 02 03 09 06 01 00 01 07 00 ff 06 00 00 01 16 02 02 0f 00 16
 1b 15 4b 7e 7e a0 2a 41 08 83 13 04 13 e6 e7 00 0f 40 00 00
 00 00 01 01 02 03 09 06 01 00 01 07 00 ff 06 00 00 01 16 02
 02 0f 00 16 1b 15 4b 7e 7e a1 1e 41 08 83 13 ee ee e6 e7 00 0f 40 00 00 00 00 01 0d
 02 02 09 06 01 01 00 02 81 ff 0a 0b 41 49 44 4f 4e 5f 56 30
 30 30 31 02 02 09 06 00 00 60 01 00 ff 0a 10 37 33 35 39 39
 39 32 39 30 39 34 32 37 34 38 39 02 02 09 06 00 00 60 01 07
 ff 0a 04 36 35 36 30 02 03 09 06 01 00 01 07 00 ff 06 00 00
 01 16 02 02 0f 00 16 1b 02 03 09 06 01 00 02 07 00 ff 06 00
 00 00 00 02 02 0f 00 16 1b 02 03 09 06 01 00 03 07 00 ff 06
 00 00 00 ca 02 02 0f 00 16 1d 02 03 09 06 01 00 04 07 00 ff
 06 00 00 00 00 02 02 0f 00 16 1d 02 03 09 06 01 00 1f 07 00
 ff 10 00 11 02 02 0f ff 16 21 02 03 09 06 01 00 33 07 00 ff
 10 00 11 02 02 0f ff 16 21 02 03 09 06 01 00 47 07 00 ff 10
 00 11 02 02 0f ff 16 21 02 03 09 06 01 00 20 07 00 ff 12 02
 90 02 02 0f ff 16 23 02 03 09 06 01 00 34 07 00 ff 12 02 93
 02 02 0f ff 16 23 02 03 09 06 01 00 48 07 00 ff 12 02 91 02
 02 0f ff 16 23 ff ce 7e 7e a0 2a 41 08 83 13 04 13 e6 e7 00 0f 40 00 00 00 00 01 01
 02 03 09 06 01 00 01 07 00 ff 06 00 00 01 15 02 02 0f 00 16
 1b 7b e3 7e 7e a0 2a 41 08 83 13 04 13 e6 e7 00 0f 40 00 00
 00 00 01 01 02 03 09 06 01 00 01 07 00 ff 06 00 00 01 15 02
 02 0f 00 16 1b 7b e3 7e 7e a0 2a 41 08 83 13 04 13 e6 e7 00 0f 40 00 00 00 00 01 01
 02 03 09 06 01 00 01 07 00 ff 06 00 00 01 15 02 02 0f 00 16
 1b 7b e3 7e 7e a1 1e 41 08 83 13 ee ee e6 e7 00 0f 40 00 00
 00 00 01 0d 02 02 09 06 01 01 00 02 81 ff 0a 0b 41 49 44 4f
 4e 5f 56 30 30 30 31 02 02 09 06 00 00 60 01 00 ff 0a 10 37
 33 35 39 39 39 32 39 30 39 34 32 37 34 38 39 02 02 09 06 00
 00 60 01 07 ff 0a 04 36 35 36 30 02 03 09 06 01 00 01 07 00
 ff 06 00 7e a1 1e 41 08 83 13 ee ee e6 e7 00 0f 40 00 00 00 00 01 0d
 02 02 09 06 01 01 00 02 81 ff 0a 0b 41 49 44 4f 4e 5f 56 30
 30 30 31 02 02 09 06 00 00 60 01 00 ff 0a 10 37 33 35 39 39
 39 32 39 30 39 34 32 37 34 38 39 02 02 09 06 00 00 60 01 07
 ff 0a 04 36 35 36 30 02 03 09 06 01 00 01 07 00 ff 06 00 00
 01 15 02 02 0f 00 16 1b 02 03 09 06 01 00 02 07 00 ff 06 00
 00 00 00 02 02 0f 00 16 1b 02 03 09 06 01 00 03 07 00 ff 06
 00 00 00 ca 02 02 0f 00 16 1d 02 03 09 06 01 00 04 07 00 ff
 06 00 00 00 00 02 02 0f 00 16 1d 02 03 09 06 01 00 1f 07 00
 ff 10 00 11 02 02 0f ff 16 21 02 03 09 06 01 00 33 07 00 ff
 10 00 11 02 02 0f ff 16 21 02 03 09 06 01 00 47 07 00 ff 10
 00 10 02 02 0f ff 16 21 02 03 09 06 01 00 20 07 00 ff 12 02
 8f 02 02 0f ff 16 23 02 03 09 06 01 00 34 07 00 ff 12 02 93
 02 02 0f ff 16 23 02 03 09 06 01 00 48 07 00 ff 12 02 90 02
 02 0f ff 16 23 95 60 7e 7e a0 2a 41 08 83 13 04 13 e6 e7 00
 0f 40 00 00 00 00 01 01 02 03 09 06 01 00 01 07 00 ff 06 00
 00 01 15 02 02 0f 00 16 1b 7b e3 7e 7e a0 2a 41 08 83 13 04 13 e6 e7 00 0f 40 00 00 00 00 01 01
 02 03 09 06 01 00 01 07 00 ff 06 00 00 01 14 02 02 0f 00 16
 1b ae 7c 7e 7e a0 2a 41 08 83 13 04 13 e6 e7 00 0f 40 00 00
 00 00 01 01 02 03 09 06 01 00 01 07 00 ff 06 00 00 01 14 02
 02 0f 00 16 1b ae 7c 7e 7e a1 1e 41 08 83 13 ee ee e6 e7 00 0f 40 00 00 00 00 01 0d
 02 02 09 06 01 01 00 02 81 ff 0a 0b 41 49 44 4f 4e 5f 56 30
 30 30 31 02 02 09 06 00 00 60 01 00 ff 0a 10 37 33 35 39 39
 39 32 39 30 39 34 32 37 34 38 39 02 02 09 06 00 00 60 01 07
 ff 0a 04 36 35 36 30 02 03 09 06 01 00 01 07 00 ff 06 00 00
 01 14 02 02 0f 00 16 1b 02 03 09 06 01 00 02 07 00 ff 06 00
 00 00 00 02 02 0f 00 16 1b 02 03 09 06 01 00 03 07 00 ff 06
 00 00 00 c9 02 02 0f 00 16 1d 02 03 09 06 01 00 04 07 00 ff
 06 00 00 00 00 02 02 0f 00 16 1d 02 03 09 06 01 00 1f 07 00
 ff 10 00 11 02 02 0f ff 16 21 02 03 09 06 01 00 33 07 00 ff
 10 00 11 02 02 0f ff 16 21 02 03 09 06 01 00 47 07 00 ff 10
 00 10 02 02 0f ff 16 21 02 03 09 06 01 00 20 07 00 ff 12 02
 8f 02 02 0f ff 16 23 02 03 09 06 01 00 34 07 00 ff 12 02 92
 02 02 0f ff 16 23 02 03 09 06 01 00 48 07 00 ff 12 02 90 02
 02 0f ff 16 23 1e 53 7e 7e a0 2a 41 08 83 13 04 13 e6 e7 00 0f 40 00 00 00 00 01 01
 02 03 09 06 01 00 01 07 00 ff 06 00 00 01 15 02 02 0f 00 16
 1b 7b e3 7e 7e a0 2a 41 08 83 13 04 13 e6 e7 00 0f 40 00 00
 00 00 01 01 02 03 09 06 01 00 01 07 00 ff 06 00 00 01 14 02
 02 0f 00 16 1b ae 7c 7e 7e a0 2a 41 08 83 13 04 13 e6 e7 00 0f 40 00 00 00 00 01 01
 02 03 09 06 01 00 01 07 00 ff 06 00 00 01 15 02 02 0f 00 16
 1b 7b e3 7e 7e a1 1e 41 08 83 13 ee ee e6 e7 00 0f 40 00 00 00 00 01 0d
 02 02 09 06 01 01 00 02 81 ff 0a 0b 41 49 44 4f 4e 5f 56 30
 30 30 31 02 02 09 06 00 00 60 01 00 ff 0a 10 37 33 35 39 39
 39 32 39 30 39 34 32 37 34 38 39 02 02 09 06 00 00 60 01 07
 ff 0a 04 36 35 36 30 02 03 09 06 01 00 01 07 00 ff 06 00 00
 01 15 02 02 0f 00 16 1b 02 03 09 06 01 00 02 07 00 ff 06 00
 00 00 00 02 02 0f 00 16 1b 02 03 09 06 01 00 03 07 00 ff 06
 00 00 00 c9 02 02 0f 00 16 1d 02 03 09 06 01 00 04 07 00 ff
 06 00 00 00 00 02 02 0f 00 16 1d 02 03 09 06 01 00 1f 07 00
 ff 10 00 11 02 02 0f ff 16 21 02 03 09 06 01 00 33 07 00 ff
 10 00 11 02 02 0f ff 16 21 02 03 09 06 01 00 47 07 00 ff 10
 00 10 02 02 0f ff 16 21 02 03 09 06 01 00 20 07 00 ff 12 02
 8f 02 02 0f ff 16 23 02 03 09 06 01 00 34 07 00 ff 12 02 93
 02 02 0f ff 16 23 02 03 09 06 01 00 48 07 00 ff 12 02 90 02
 02 0f ff 16 23 99 c0 7e 7e a0 2a 41 08 83 13 04 13 e6 e7 00 0f 40 00 00 00 00 01 01
 02 03 09 06 01 00 01 07 00 ff 06 00 00 01 16 02 02 0f 00 16
 1b 15 4b 7e 7e a0 2a 41 08 83 13 04 13 e6 e7 00 0f 40 00 00 00 00 01 01
 02 03 09 06 01 00 01 07 00 ff 06 00 00 01 15 02 02 0f 00 16
 1b 7b e3 7e 7e a0 2a 41 08 83 13 04 13 e6 e7 00 0f 40 00 7e a0 2a 41 08 83 13 04 13 e6 e7 00 0f 40 00 00 00 00 01 01
 02 03 09 06 01 00 01 07 00 ff 06 00 00 01 15 02 02 0f 00 16
 1b 7b e3 7e   