 7e a0 2a 41 08 83 13 04 13 e6 e7 00 0f 40 00 00 00 00 01 01
 02 03 09 06 01 00 01 07 00 ff 06 00 00 00 26 02 02 0f 00 16
 1b e0 1c 7e 7e a1 1e 41 08 83 13 ee ee e6 e7 00 0f 40 00 00
 00 00 01 0d 02 02 09 06 01 01 00 02 81 ff 0a 0b 41 49 7e a1 1e 41 08 83 13 ee ee e6 e7 00 0f 40 00 00 00 00 01 0d
 02 02 09 06 01 01 00 02 81 ff 0a 0b 41 49 44 4f 4e 5f 56 30
 30 30 31 02 02 09 06 00 00 60 01 00 ff 0a 10 37 33 35 39 39
 39 32 39 30 39 34 32 38 31 32 37 02 02 09 06 00 00 60 01 07
 ff 0a 04 36 35 36 30 02 03 09 06 01 00 01 07 00 ff 06 00 00
 00 25 02 02 0f 00 16 1b 02 03 09 06 01 00 02 07 00 ff 06 00
 f0 7e a0 2a 41 08 83 13 04 13 e6 e7 00 0f 40 00 00 00 00 01
 01 02 03 09 06 01 00 01 07 00 ff 06 00 00 00 26 02 02 0f 00
 16 1b e0 1c 7e 7e a0 2a 41 08 83 13 04 13 e6 e7 00 0f 40 00 00 00 00 01 01
 02 03 09 06 01 00 01 07 00 ff 06 00 00 00 25 02 02 0f 00 16
 1b 8e b4 7e 7e a1 1e 41 08 83 13 ee ee e6 e7 00 0f 40 00 00
 00 00 01 0d 02 02 09 06 01 01 00 02 81 ff 0a 0b 41 49 44 4f
 4e 5f 56 30 30 30 31 02 02 09 06 00 00 60 01 00 ff 0a 10 37
 33 35 39 39 39 32 39 30 39 34 32 38 31 32 37 02 02 09 06 00
 00 60 01 07 ff 0a 04 36 35 36 30 02 03 09 06 01 00 01 07 00
 ff 06 00 00 00 26 02 02 0f 00 16 1b 02 03 09 06 01 00 02 07
 00 ff 06 00 00 00 00 02 02 0f 00 16 1b 02 03 09 06 01 00 03
 07 00 ff 06 00 00 00 01 02 02 0f 00 16 1d 02 03 09 06 01 00
 04 07 00 ff 06 00 00 00 00 02 02 0f 00 16 1d 02 03 09 06 01
 00 1f 07 00 ff 10 00 02 02 02 0f ff 16 21 02 03 09 06 01 00
 33 07 00 ff 10 00 00 02 02 0f ff 16 21 02 03 09 06 01 00 7e a1 1e 41 08 83 13 ee ee e6 e7 00 0f 40 00 00 00 00 01 0d
 02 02 09 06 01 01 00 02 81 ff 0a 0b 41 49 44 4f 4e 5f 56 30
 30 30 31 02 02 09 06 00 00 60 01 00 ff 0a 10 37 33 35 39 39
 39 32 39 30 39 34 32 38 31 32 37 02 02 09 06 00 00 60 01 07
 ff 0a 04 36 35 36 30 02 03 09 06 01 00 01 07 00 ff 06 00 00
 00 26 02 02 0f 00 16 1b 02 03 09 06 01 00 02 07 00 ff 06 00
 00 00 00 02 02 0f 00 16 1b 02 03 09 06 01 00 03 07 00 ff 06
 00 00 00 01 02 02 0f 00 16 1d 02 03 09 06 01 00 04 07 00 ff
 06 00 00 00 00 02 02 0f 00 16 1d 02 03 09 06 01 00 1f 07 00
 ff 10 00 02 02 02 0f ff 16 21 02 03 09 06 01 00 33 07 00 ff
 10 00 00 02 02 0f ff 16 21 02 03 09 06 01 00 47 07 00 ff 10
 00 02 02 02 0f ff 16 21 02 03 09 06 01 00 20 07 00 ff 12 04
 6f 02 02 0f ff 16 23 02 03 09 06 01 00 34 07 00 ff 12 04 69
 02 02 0f ff 16 23 02 03 09 06 01 00 48 07 00 ff 12 04 68 02
 02 0f ff 16 23 97 d0 7e 7e a0 2a 41 08 83 13 04 13 e6 e7 00
 0f 40 00 00 00 00 01 01 02 03 09 06 01 00 01 07 00 ff 06 00
 00 00 26 02 02 0f 00 16 1b e0 1c 7e 7e a0 2a 41 08 83 13 04 13 e6 e7 00 0f 40 00 00 00 00 01 01
 02 03 09 06 01 00 01 07 00 ff 06 00 00 00 26 02 02 0f 00 16
 1b e0 1c 7e 7e a0 2a 41 08 83 13 04 13 e6 e7 00 0f 40 00 00 00 00 01 01
 02 03 09 06 01 00 01 07 00 ff 06 00 00 00 26 02 02 0f 00 16
 1b e0 1c 7e 7e a1 1e 41 08 83 13 ee ee e6 e7 00 7e a1 1e 41 08 83 13 ee ee e6 e7 00 0f 40 00 00 00 00 01 0d
 02 02 09 06 01 01 00 02 81 ff 0a 0b 41 49 44 4f 4e 5f 56 30
 30 30 31 02 02 09 06 00 00 60 01 00 ff 0a 10 37 33 35 39 39
 39 32 39 30 39 34 32 38 31 32 37 02 02 09 06 00 00 60 01 07
 ff 0a 04 36 35 36 30 02 03 09 06 01 00 01 07 00 ff 06 00 00
 00 25 02 02 0f 00 16 1b 02 03 09 06 01 00 02 07 00 ff 06 00
 00 00 00 02 02 0f 00 16 1b 02 03 09 06 01 00 03 07 00 ff 06
 00 00 00 01 02 02 0f 00 16 1d 02 03 09 06 01 00 04 07 00 ff
 06 00 00 00 00 02 02 0f 00 16 1d 02 03 09 06 01 00 1f 07 00
 ff 10 00 02 02 02 0f ff 16 21 02 03 09 06 01 00 33 07 00 ff
 10 00 00 02 02 0f ff 16 21 02 03 09 06 01 00 47 07 00 ff 10
 00 02 02 02 0f ff 16 21 02 03 09 06 01 00 20 07 00 ff 12 04
 72 02 02 0f ff 16 23 02 03 09 06 01 00 34 07 00 ff 12 04 6b
 02 02 0f ff 16 23 02 03 09 06 01 00 48 07 00 ff 12 04 6b 02
 02 0f ff 16 23 ac 25 7e 7e a0 2a 41 08 83 13 04 13 e6 e7 00 0f 40 00 00 00 00 01 01
 02 03 09 06 01 00 01 07 00 ff 06 00 00 00 26 02 02 0f 00 16
 1b e0 1c 7e 7e a0 2a 41 08 83 13 04 13 e6 e7 00 0f 40 00 00
 00 7e a0 2a 41 08 83 13 04 13 e6 e7 00 0f 40 00 00 00 00 01 01
 02 03 09 06 01 00 01 07 00 ff 06 00 00 00 26 02 02 0f 00 16
 1b e0 1c 7e 7e a0 2a 41 08 83 13 04 13 e6 e7 00 0f 40 00 00
 00 00 01 01 02 03 09 06 01 00 01 07 00 ff 06 00 00 00 26 02
 02 0f 00 16 1b e0 1c 7e 7e a1 1e 41 08 83 13 ee ee e6 e7 00 0f 40 00 00 00 00 01 0d
 02 02 09 06 01 01 00 02 81 ff 0a 0b 41 49 44 4f 4e 5f 56 30
 30 30 31 02 02 09 06 00 00 60 01 00 ff 0a 10 37 33 35 39 39
 39 32 39 30 39 34 32 38 31 32 37 02 02 09 06 00 00 60 01 07
 ff 0a 04 36 35 36 30 02 03 09 06 01 00 01 07 00 ff 06 00 00
 00 26 02 02 0f 00 16 1b 02 03 09 06 01 00 02 07 00 ff 06 00
 00 00 00 02 02 0f 00 16 1b 02 03 09 06 01 00 03 07 00 ff 06
 00 00 00 01 02 02 0f 00 16 1d 02 03 09 06 01 00 04 07 00 ff
 06 00 00 00 00 02 02 0f 00 16 1d 02 03 09 06 01 00 1f 07 00
 ff 10 00 02 02 02 0f ff 16 21 02 03 09 06 01 00 33 07 00 ff
 10 00 00 02 02 0f ff 16 21 02 03 09 06 01 00 47 07 00 ff 10
 00 02 02 02 0f ff 16 21 02 03 09 06 01 00 20 07 00 ff 7e a1 1e 41 08 83 13 ee ee e6 e7 00 0f 40 00 00 00 00 01 0d
 02 02 09 06 01 01 00 02 81 ff 0a 0b 41 49 44 4f 4e 5f 56 30
 30 30 31 02 02 09 06 00 00 60 01 00 ff 0a 10 37 33 35 39 39
 39 32 39 30 39 34 32 38 31 32 37 02 02 09 06 00 00 60 01 07
 ff 0a 04 36 35 36 30 02 03 09 06 01 00 01 07 00 ff 06 00 00
 00 26 02 02 0f 00 16 1b 02 03 09 06 01 00 02 07 00 ff 06 00
 00 00 00 02 02 0f 00 16 1b 02 03 09 06 01 00 03 07 00 ff 06
 00 00 00 01 02 02 0f 00 16 1d 02 03 09 06 01 00 04 07 00 ff
 06 00 00 00 00 02 02 0f 00 16 1d 02 03 09 06 01 00 1f 07 00
 ff 10 00 02 02 02 0f ff 16 21 02 03 09 06 01 00 33 07 00 ff
 10 00 00 02 02 0f ff 16 21 02 03 09 06 01 00 47 07 00 ff 10
 00 02 02 02 0f ff 16 21 02 03 09 06 01 00 20 07 00 ff 12 04
 71 02 02 0f ff 16 23 02 03 09 06 01 00 34 07 00 ff 12 04 6a
 02 02 0f ff 16 23 02 03 09 06 01 00 48 07 00 ff 12 04 6a 02
 02 0f ff 16 23 1d ce 7e 7e a0 2a 41 08 83 13 04 13 e6 e7 00
 0f 40 00 00 00 00 01 01 02 03 09 06 01 00 01 07 00 ff 06 00
 00 00 26 02 02 0f 00 16 1b e0 1c 7e 7e a0 2a 41 08 83 13 04 13 e6 e7 00 0f 40 00 00 00 00 01 01
 02 03 09 06 01 00 01 07 00 ff 06 00 00 00 25 02 02 0f 00 16
 1b 8e b4 7e 34 26 6c 28 90 50 30 20 49 30 40 49 22 8b 12 26 f6 e8 59 1b
 db 23 f3 fe 7e a0 2a 41 08 83 13 04 13 e6 e7 00 0f 40 00 00
 00 00 01 01 02 03 09 06 01 00 01 07 00 ff 06 00 00 00 27 02
 02 0f 00 16 1b 35 83 7e 00 00 00 02 02 0f 00 16 1d 02 03 09 06 01 00 1f 07 00 ff 10
 00 02 02 02 0f ff 16 21 02 03 09 06 01 00 33 07 00 ff 10 00
 00 02 02 0f ff 16 21 02 03 09 06 01 00 47 07 00 ff 10 00 02
 02 02 0f ff 16 21 02 03 09 06 01 00 20 07 00 ff 12 04 78 02
 02 0f ff 16 23 02 03 09 06 01 00 34 07 00 ff 12 04 71 02 02
 0f ff 16 23 02 03 09 06 01 00 48 07 00 ff 12 04 72 02 02 0f
 ff 16 23 da 64 7e 7e a0 2a 41 08 83 13 04 13 e6 e7 00 0f 40
 00 00 00 00 01 01 02 03 09 06 01 00 01 07 00 ff 06 00 00 00
 27 02 02 0f 00 16 1b 35 83 7e 7e a0 2a 41 08 83 13 04 13 e6 e7 00 0f 40 00 00 00 00 01 01
 02 03 09 06 01 00 01 07 00 ff 06 00 00 00 27 02 02 0f 00 16
 1b 35 83 7e 7e a0 2a 41 08 83 13 04 13 e6 e7 00 0f 40 00 00
 00 00 01 01 02 03 09 06 01 00 01 07 00 ff 06 00 00 00 27 02
 02 0f 00 16 1b 35 83 7e 7e a1 1e 41 08 83 13 ee ee e6 e7 00 0f 40 00 00 00 00 01 0d
 02 02 09 06 01 01 00 02 81 ff 0a 0b 41 49 44 4f 4e 5f 56 30
 30 30 31 02 02 09 06 00 00 60 01 00 ff 0a 10 37 33 35 39 39
 39 32 39 30 39 34 32 38 31 32 37 02 02 09 06 00 00 60 01 07
 ff 0a 04 36 35 36 30 02 03 09 06 01 00 01 07 00 ff 06 00 00
 00 26 02 02 0f 00 16 1b 02 03 09 06 01 00 02 07 00 ff 06 00
 00 00 00 02 02 0f 00 16 1b 02 03 09 06 01 00 03 07 00 ff 06
 00 00 00 02 02 02 0f 00 16 1d 02 03 09 06 01 00 04 07 00 ff
 06 00 00 00 00 02 02 0f 00 16 1d 02 03 09 06 01 00 1f 07 00
 ff 10 00 02 02 02 0f ff 16 21 02 03 09 06 01 00 33 07 00 ff
 10 00 00 02 02 0f ff 16 21 02 03 09 06 01 00 47 07 00 ff 10
 00 02 02 02 0f ff 16 21 02 03 09 06 01 00 20 07 00 ff 12 04
 79 02 02 0f ff 16 23 02 03 09 06 01 00 34 07 00 ff 12 04 71
 02 02 0f ff 16 23 02 03 09 06 01 00 48 07 00 ff 12 04 73 02
 02 0f ff 16 23 e3 93 7e 7e a0 2a 41 08 83 13 04 13 e6 e7 00 0f 40 00 00 00 00 01 01
 02 03 09 06 01 00 01 07 00 ff 06 00 00 00 26 02 02 0f 00 16
 1b e0 1c 7e 7e a0 2a 41 08 83 13 04 13 e6 e7 00 0f 40 00 00
 00 00 01 01 02 03 09 06 01 00 01 07 00 ff 06 00 00 00 26 02
 02 0f 00 16 1b e0 1c 7e 7e a0 2a 41 08 83 13 04 13 e6 e7 00 0f 40 00 00 00 00 01 01
 02 03 09 06 01 00 01 07 00 ff 06 00 00 00 26 02 02 0f 00 16
 1b e0 1c 7e 7e a1 1e 41 08 83 13 ee ee e6 e7 00 0f 40 00 00
 00 00 01 0d 02 02 09 06 01 01 00 02 81 ff 0a 0b 41 49 44 4f
 4e 5f 56 30 30 30 31 02 02 09 06 00 00 60 01 00 ff 0a 10 37
 33 35 39 39 39 32 39 30 39 34 32 38 31 32 37 02 02 09 06 00
 00 60 01 07 ff 0a 04 36 35 36 30 02 03 09 06 01 00 01 07 00
 ff 06 00 00 00 26 02 02 0f 00 16 1b 02 03 09 06 01 00 02 07
 00 ff 06 00 00 00 00 02 02 0f 00 16 1b 02 03 09 06 01 00 03
 07 00 ff 06 00 00 00 02 02 02 0f 00 16 1d 02 03 09 06 01 00
 04 07 00 ff 06 00 00 00 00 02 02 0f 7e a1 1e 41 08 83 13 ee ee e6 e7 00 0f 40 00 00 00 00 01 0d
 02 02 09 06 01 01 00 02 81 ff 0a 0b 41 49 44 4f 4e 5f 56 30
 30 30 31 02 02 09 06 00 00 60 01 00 ff 0a 10 37 33 35 39 39
 39 32 39 30 39 34 32 38 31 32 37 02 02 09 06 00 00 60 01 07
 ff 0a 04 36 35 36 30 02 03 09 06 01 00 01 07 00 ff 06 00 00
 00 26 02 02 0f 00 16 1b 02 03 09 06 01 00 02 07 00 ff 06 00
 00 00 00 02 02 0f 00 16 1b 02 03 09 06 01 00 03 07 00 ff 06
 00 00 00 02 02 02 0f 00 16 1d 02 03 09 06 01 00 04 07 00 ff
 06 00 00 00 00 02 02 0f 00 16 1d 02 03 09 06 01 00 1f 07 00
 ff 10 00 02 02 02 0f ff 16 21 02 03 09 06 01 00 33 07 00 ff
 10 00 00 02 02 0f ff 16 21 02 03 09 06 01 00 47 07 00 ff 10
 00 02 02 02 0f ff 16 21 02 03 09 06 01 00 20 07 00 ff 12 04
 77 02 02 0f ff 16 23 02 03 09 06 01 00 34 07 00 ff 12 04 6e
 02 02 0f ff 16 23 02 03 09 06 01 00 48 07 00 ff 12 04 70 02
 02 0f ff 16 23 66 ab 7e 7e a0 2a 41 08 83 13 04 13 e6 e7 00
 0f 40 00 00 00 00 01 01 02 03 09 06 01 00 01 07 00 ff 06 00
 00 00 26 02 02 0f 00 16 1b e0 1c 7e 7e a0 2a 41 08 83 13 04 13 e6 e7 00 0f 40 00 00 00 00 01 01
 02 03 09 06 01 00 01 07 00 ff 06 00 00 00 26 02 02 0f 00 16
 1b e0 1c 7e 7e a0 2a 41 08 83 13 04 13 e6 e7 00 0f 40 00 00
 00 00 01 01 02 03 09 06 01 00 01 07 00 ff 06 00 00 00 26 02
 02 0f 00 16 1b e0 1c 7e 7e a0 2a 41 08 83 13 04 13 e6 e7 00 0f 40 00 00 00 00 01 01
 02 03 09 06 01 00 01 07 00 ff 06 00 00 00 27 02 02 0f 00 16
 1b 35 83 7e 7e a0 2a 41 08 83 13 04 13 e6 e7 00 0f 40 00 00 00 00 01 01
 02 03 09 06 01 00 01 07 00 ff 06 00 00 00 27 02 02 0f 00 16
 1b 35 83 7e 7e a1 1e 41 08 83 13 7e a1 1e 41 08 83 13 ee ee e6 e7 00 0f 40 00 00 00 00 01 0d
 02 02 09 06 01 01 00 02 81 ff 0a 0b 41 49 44 4f 4e 5f 56 30
 30 30 31 02 02 09 06 00 00 60 01 00 ff 0a 10 37 33 35 39 39
 39 32 39 30 39 34 32 38 31 32 37 02 02 09 06 00 00 60 01 07
 ff 0a 04 36 35 36 30 02 03 09 06 01 00 01 07 00 ff 06 00 00
 00 27 02 02 0f 00 16 1b 02 03 09 06 01 00 02 07 00 ff 06 00
 00 f0 7e a0 2a 41 08 83 13 04 13 e6 e7 00 0f 40 00 00 00 00
 01 01 02 03 09 06 01 00 01 07 00 ff 06 00 00 00 27 02 02 0f
 00 16 1b 35 83 7e 7e a1 1e 41 08 83 13 ee ee e6 e7 00 0f 40 00 00 00 00 01 0d
 02 02 09 06 01 01 00 02 81 ff 0a 0b 41 49 44 4f 4e 5f 56 30
 30 30 31 02 02 09 06 00 00 60 01 00 ff 0a 10 37 33 35 39 39
 39 32 39 30 39 34 32 38 31 32 37 02 02 09 06 00 00 60 01 07
 ff 0a 04 36 35 36 30 02 03 09 06 01 00 01 07 00 ff 06 00 00
 00 26 02 02 0f 00 16 1b 02 03 09 06 01 00 02 07 00 ff 06 00
 e0 7e a1 1e 41 08 83 13 ee ee e6 e7 00 0f 40 00 00 00 00 01 0d
 02 02 09 06 01 01 00 02 81 ff 0a 0b 41 49 44 4f 4e 5f 56 30
 30 30 31 02 02 09 06 00 00 60 01 00 ff 0a 10 37 33 35 39 39
 39 32 39 30 39 34 32 38 31 32 37 02 02 09 06 00 00 60 01 07
 ff 0a 04 36 35 36 30 02 03 09 06 01 00 01 07 00 ff 06 00 00
 00 26 02 02 0f 00 16 1b 02 03 09 06 01 00 02 07 00 ff 06 00
 e0 7e a0 2a 41 08 83 13 04 13 e6 e7 00 0f 40 00 00 00 00 01
 01 02 03 09 06 01 00 01 07 00 ff 06 00 00 00 26 02 02 0f 00
 16 1b e0 1c 7e 7e a0 2a 41 08 83 13 04 13 e6 e7 00 0f 40 00
 00 00 00 01 01 02 03 09 06 01 00 01 07 00 ff 06 7e a0 2a 41 08 83 13 04 13 e6 e7 00 0f 40 00 00 00 00 01 01
 02 03 09 06 01 00 01 07 00 ff 06 00 00 00 26 02 02 0f 00 16
 1b e0 1c 7e 7e a1 1e 41 08 83 13 ee ee e6 e7 00 0f 40 00 00
 00 00 01 0d 02 02 09 06 01 01 00 02 81 ff 0a 0b 41 49 44 4f
 4e 5f 56 30 30 30 31 02 02 09 06 00 00 60 01 00 ff 0a 10 37
 33 35 39 39 39 32 39 30 39 34 32 38 31 32 37 02 02 09 06 00
 00 60 01 07 ff 0a 04 36 35 36 30 02 03 09 06 01 00 01 07 00
 ff 06 00 00 00 26 02 02 0f 00 16 1b 02 03 09 06 01 00 02 07
 00 ff 06 00 f0 7e a1 1e 41 08 83 13 ee ee e6 e7 00 0f 40 00 00 00 00 01 0d
 02 02 09 06 01 01 00 02 81 ff 0a 0b 41 49 44 4f 4e 5f 56 30
 30 30 31 02 02 09 06 00 00 60 01 00 ff 0a 10 37 33 35 39 39
 39 32 39 30 39 34 32 38 31 32 37 02 02 09 06 00 00 60 01 07
 ff 0a 04 36 35 36 30 02 03 09 06 01 00 01 07 00 ff 06 00 00
 00 26 02 02 0f 00 16 1b 02 03 09 06 01 00 02 07 00 ff 06 00
 f0 7e a0 2a 41 08 83 13 04 13 e6 e7 00 0f 40 00 00 00 00 01
 01 02 03 09 06 01 00 01 07 00 ff 06 00 00 00 26 02 02 0f 00
 16 1b e0 1c 7e 7e a0 2a 41 08 83 13 04 13 e6 e7 00 0f 40 00
 00 00 00 01 01 02 03 09 06 01 00 01 07 00 ff 06 00 00 00 26
 02 02 0f 00 16 1b e0 1c 7e 7e a1 1e 41 08 83 13 ee ee e6 e7 00 0f 40 00 00 00 00 01 0d
 02 02 09 06 01 01 00 02 81 ff 0a 0b 41 49 44 4f 4e 5f 56 30
 30 30 31 02 02 09 06 00 00 60 01 00 ff 0a 10 37 33 35 39 39
 39 32 39 30 39 34 32 38 31 32 37 02 02 09 06 00 00 60 01 07
 ff 0a 04 36 35 36 30 02 03 09 06 01 00 01 07 00 ff 06 00 00
 00 26 02 02 0f 00 16 1b 02 03 09 06 01 00 02 07 00 ff 06 00
 fc 7e a1 1e 41 08 83 13 ee ee e6 e7 00 0f 40 00 00 00 00 01 0d
 02 02 09 06 01 01 00 02 81 ff 0a 0b 41 49 44 4f 4e 5f 56 30
 30 30 31 02 02 09 06 00 00 60 01 00 ff 0a 10 37 33 35 39 39
 39 32 39 30 39 34 32 38 31 32 37 02 02 09 06 00 00 60 01 07
 ff 0a 04 36 35 36 30 02 03 09 06 01 00 01 07 00 ff 06 00 00
 00 26 02 02 0f 00 16 1b 02 03 09 06 01 00 02 07 00 ff 06 00
 fc 7e a0 2a 41 08 83 13 04 13 e6 e7 00 0f 40 00 00 00 00 01
 01 02 03 09 06 01 00 01 07 00 ff 06 00 00 00 26 02 02 0f 00
 16 1b e0 1c 7e 7e a1 1e 41 08 83 13 ee ee e6 e7 00 0f 40 00 00 00 00 01 0d
 02 02 09 06 01 01 00 02 81 ff 0a 0b 41 49 44 4f 4e 5f 56 30
 30 30 31 02 02 09 06 00 00 60 01 00 ff 0a 10 37 33 35 39 39
 39 32 39 30 39 34 32 38 31 32 37 02 02 09 06 00 00 60 01 07
 ff 0a 04 36 35 36 30 02 03 09 06 01 00 01 07 00 ff 06 00 00
 00 26 02 02 0f 00 16 1b 02 03 09 06 01 00 02 07 00 ff 06 00
 fe 7e a0 2a 41 08 83 13 04 13 e6 e7 00 0f 40 00 00 00 00 01
 01 02 03 09 06 01 00 01 07 00 ff 06 00 00 00 26 02 02 0f 00
 16 1b e0 1c 7e 7e a0 2a 41 08 83 13 04 13 e6 e7 00 0f 40 00 00 00 00 01 01
 02 03 09 06 01 00 01 07 00 ff 06 00 00 00 26 02 02 0f 00 16
 1b e0 1c 7e 7e a0 2a 41 08 83 13 04 13 e6 e7 00 0f 40 00 00 00 00 01 01
 02 03 09 06 01 00 01 07 00 ff 06 00 00 00 26 02 02 0f 00 16
 1b e0 1c 7e 7e a0 2a 41 08 83 13 04 13 e6 e7 00 0f 40 00 00
 00 00 01 01 02 03 09 06 01 00 01 07 00 ff 7e a0 2a 41 08 83 13 04 13 e6 e7 00 0f 40 00 00 00 00 01 01
 02 03 09 06 01 00 01 07 00 ff 06 00 00 00 26 02 02 0f 00 16
 1b e0 1c 7e 7e a1 1e 41 08 83 13 ee ee e6 e7 00 0f 40 00 00
 00 00 01 0d 02 02 09 06 01 01 00 02 81 ff 0a 0b 41 49 44 4f
 4e 5f 56 30 30 30 31 02 02 09 06 00 00 60 01 00 ff 0a 10 37
 33 35 39 39 39 32 39 30 39 34 32 38 31 32 37 02 02 09 06 00
 00 60 01 07 ff 0a 04 36 35 36 30 02 03 09 06 01 00 01 07 00
 ff 06 00 00 00 26 02 02 0f 00 16 1b 02 03 09 06 01 00 02 07
 00 ff 06 00 ff 7e a1 1e 41 08 83 13 ee ee e6 e7 00 0f 40 00 00 00 00 01 0d
 02 02 09 06 01 01 00 02 81 ff 0a 0b 41 49 44 4f 4e 5f 56 30
 30 30 31 02 02 09 06 00 00 60 01 00 ff 0a 10 37 33 35 39 39
 39 32 39 30 39 34 32 38 31 32 37 02 02 09 06 00 00 60 01 07
 ff 0a 04 36 35 36 30 02 03 09 06 01 00 01 07 00 ff 06 00 00
 00 26 02 02 0f 00 16 1b 02 03 09 06 01 00 02 07 00 ff 06 00
 ff 7e a0 2a 41 08 83 13 04 13 e6 e7 00 0f 40 00 00 00 00 01
 01 02 03 09 06 01 00 01 07 00 ff 06 00 00 00 26 02 02 0f 00
 16 1b e0 1c 7e a0 2a 41 08 83 13 04 13 e6 e7 00 0f 40 00 00 00 00 01 01 02
 03 09 06 01 00 01 07 00 ff 06 00 00 00 26 02 02 0f 00 16 1b
 e0 1c 7e 7e a0 2a 41 08 83 13 04 13 e6 e7 00 0f 40 00 00 00
 00 01 01 02 03 09 06 01 00 01 07 00 ff 06 00 00 00 26 02 02
 0f 00 16 1b e0 1c 7e 7e a0 2a 41 08 83 13 04 13 e6 e7 00 0f
 40 00 00 00 00 01 01 02 03 09 06 01 00 01 07 00 ff 06 00 00
 00 26 02 02 7e a0 2a 41 08 83 13 04 13 e6 e7 00 0f 40 00 00 00 00 01 01
 02 03 09 06 01 00 01 07 00 ff 06 00 00 00 26 02 02 0f 00 16
 1b e0 1c 7e 7e a1 1e 41 08 83 13 ee ee e6 e7 00 0f 40 00 00
 00 00 01 0d 02 02 09 06 01 01 00 02 81 ff 0a 0b 41 49 44 4f
 4e 5f 56 30 30 30 31 02 02 09 06 00 00 60 01 00 ff 0a 10 37
 33 35 39 39 39 32 39 30 39 34 32 38 31 32 37 02 02 09 06 00
 00 60 01 07 ff 0a 04 36 35 36 30 02 03 09 06 01 00 01 07 00
 ff 06 00 00 00 26 02 02 0f 00 16 1b 02 03 09 06 01 00 02 07
 c0 19 03 7e a1 1e 41 08 83 13 ee ee e6 e7 00 0f 40 00 00 00 00 01 0d
 02 02 09 06 01 01 00 02 81 ff 0a 0b 41 49 44 4f 4e 5f 56 30
 30 30 31 02 02 09 06 00 00 60 01 00 ff 0a 10 37 33 35 39 39
 39 32 39 30 39 34 32 38 31 32 37 02 02 09 06 00 00 60 01 07
 ff 0a 04 36 35 36 30 02 03 09 06 01 00 01 07 00 ff 06 00 00
 00 26 02 02 0f 00 16 1b 02 03 09 06 01 00 02 07 c0 19 03 7e
 a0 2a 41 08 83 13 04 13 e6 e7 00 0f 40 00 00 00 00 01 01 02
 03 09 06 01 00 01 07 00 ff 06 00 00 00 26 02 02 0f 00 16 1b
 e0 1c 7e a0 2a 41 08 83 13 04 13 e6 e7 00 0f 40 00 00 00 00 01 01 02
 03 09 06 01 00 01 07 00 ff 06 00 00 00 26 02 02 0f 00 16 1b
 e0 1c 7e 7e a0 2a 41 08 83 13 04 13 e6 e7 00 0f 40 00 00 00
 00 01 01 02 03 09 06 01 00 01 07 00 ff 06 00 00 00 26 02 02
 0f 00 16 1b e0 1c 7e 7e a0 2a 41 08 83 13 04 13 e6 e7 00 0f
 40 00 00 00 00 01 01 02 03 09 06 01 00 01 07 00 ff 06 00 00
 00 26 02 02 0f 00 16 1b e0 7e a0 2a 41 08 83 13 04 13 e6 e7 00 0f 40 00 00 00 00 01 01
 02 03 09 06 01 00 01 07 00 ff 06 00 00 00 26 02 02 0f 00 16
 1b e0 1c 7e 7e a1 1e 41 08 83 13 ee ee e6 e7 00 0f 40 00 00
 00 00 01 0d 02 02 09 06 01 01 00 02 81 ff 0a 0b 41 49 44 4f
 4e 5f 56 30 30 30 31 02 02 09 06 00 00 60 01 00 ff 0a 10 37
 33 35 39 39 39 32 39 30 39 34 32 38 31 32 37 02 02 09 06 00
 00 60 01 07 ff 0a 04 36 35 36 30 02 03 09 06 01 00 01 07 00
 ff 06 00 00 00 26 02 02 0f 00 16 1b 02 03 09 06 01 00 82 07
 c0 19 03 7e a1 1e 41 08 83 13 ee ee e6 e7 00 0f 40 00 00 00 00 01 0d
 02 02 09 06 01 01 00 02 81 ff 0a 0b 41 49 44 4f 4e 5f 56 30
 30 30 31 02 02 09 06 00 00 60 01 00 ff 0a 10 37 33 35 39 39
 39 32 39 30 39 34 32 38 31 32 37 02 02 09 06 00 00 60 01 07
 ff 0a 04 36 35 36 30 02 03 09 06 01 00 01 07 00 ff 06 00 00
 00 26 02 02 0f 00 16 1b 02 03 09 06 01 00 82 07 c0 19 03 7e
 a0 2a 41 08 83 13 04 13 e6 e7 00 0f 40 00 00 00 00 01 01 02
 03 09 06 01 00 01 07 00 ff 06 00 00 00 26 02 02 0f 00 16 1b
 e0 1c 7e 7e a0 2a 41 08 83 13 04 13 e6 e7 00 0f 40 00 00 00
 00 01 01 02 03 09 06 01 00 01 07 00 ff 06 00 00 00 26 02 02
 0f 00 16 1b e0 1c 7e a0 2a 41 08 83 13 04 13 e6 e7 00 0f 40 00 00 00 00 01 01 02
 03 09 06 01 00 01 07 00 ff 06 00 00 00 26 02 02 0f 00 16 1b
 e0 1c 7e 7e a0 2a 41 08 83 13 04 13 e6 e7 00 0f 40 00 00 00
 00 01 01 02 03 09 06 01 00 01 07 00 ff 06 00 00 00 26 02 02
 0f 00 16 1b e0 1c 7e 7e a0 2a 41 08 83 13 04 13 e6 e7 00 0f
 40 00 00 00 00 01 01 02 03 09 06 01 00 01 07 00 ff 06 00 00
 00 26 02 02 0f 00 16 1b e0 1c 7e 7e a1 1e 41 08 83 13 ee ee
 e6 e7 00 0f 40 00 00 00 00 01 0d 02 02 09 06 01 01 00 02 81
 ff 0a 0b 41 49 44 4f 4e 5f 56 30 30 30 31 02 02 09 06 00 00
 60 01 00 ff 0a 10 37 33 35 39 39 39 32 39 30 39 34 32 38 31
 32 37 02 02 09 06 00 00 60 01 07 ff 0a 04 36 35 36 30 02 03
 09 06 01 00 01 07 00 ff 06 00 00 00 26 02 02 0f 00 16 1b 02
 03 09 06 01 00 82 07 c0 19 03 7e a1 1e 41 08 83 13 ee ee e6 e7 00 0f 40 00 00 00 00 01 0d
 02 02 09 06 01 01 00 02 81 ff 0a 0b 41 49 44 4f 4e 5f 56 30
 30 30 31 02 02 09 06 00 00 60 01 00 ff 0a 10 37 33 35 39 39
 39 32 39 30 39 34 32 38 31 32 37 02 02 09 06 00 00 60 01 07
 ff 0a 04 36 35 36 30 02 03 09 06 01 00 01 07 00 ff 06 00 00
 00 26 02 02 0f 00 16 1b 02 03 09 06 01 00 82 07 c0 19 03 7e
 a0 2a 41 08 83 13 04 13 e6 e7 00 0f 40 00 00 00 00 01 01 02
 03 09 06 01 00 01 07 00 ff 06 00 00 00 26 02 02 0f 00 16 1b
 e0 1c 7e 7e a0 2a 41 08 83 13 04 13 e6 e7 00 0f 40 00 00 00
 00 01 01 02 03 09 06 01 00 01 07 00 ff 06 00 00 00 26 02 02
 0f 00 16 1b e0 1c 7e 01 07 00 ff 06 00 00 00 26 02 02 0f 00 16 1b e0 1c 7e 7e a1
 1e 41 08 83 13 ee ee e6 e7 00 0f 40 00 00 00 00 01 0d 02 02
 09 06 01 01 00 02 81 ff 0a 0b 41 49 44 4f 4e 5f 56 30 30 30
 31 02 02 09 06 00 00 60 01 00 ff 0a 10 37 33 35 39 39 39 32
 39 30 39 34 32 38 31 32 37 02 02 09 06 00 00 60 01 07 ff 0a
 04 36 35 36 30 02 03 09 06 01 00 01 07 00 ff 06 00 00 00 26
 02 02 0f 00 16 1b 02 03 09 06 01 00 c2 07 e0 19 03 01 07 00 ff 06 00 00 00 26 02 02 0f 00 16 1b e0 1c 7e 7e a1
 1e 41 08 83 13 ee ee e6 e7 00 0f 40 00 00 00 00 01 0d 02 02
 09 06 01 01 00 02 81 ff 0a 0b 41 49 44 4f 4e 5f 56 30 30 30
 31 02 02 09 06 00 00 60 01 00 ff 0a 10 37 33 35 39 39 39 32
 39 30 39 34 32 38 31 32 37 02 02 09 06 00 00 60 01 07 ff 0a
 04 36 35 36 30 02 03 09 06 01 00 01 07 00 ff 06 00 00 00 26
 02 02 0f 00 16 1b 02 03 09 06 01 00 c2 07 e0 19 03 7e a0 2a
 41 08 83 13 04 13 e6 e7 00 0f 40 00 00 00 00 01 01 02 03 09
 06 01 00 01 07 00 ff 06 00 00 00 26 02 02 0f 00 16 1b e0 1c
 7e a0 2a 41 08 83 13 04 13 e6 e7 00 0f 40 00 00 00 00 01 01 02
 03 09 06 01 00 01 07 00 ff 06 00 00 00 26 02 02 0f 00 16 1b
 e0 1c 7e 7e a0 2a 41 08 83 13 04 13 e6 e7 00 0f 40 00 00 00
 00 01 01 02 03 09 06 01 00 01 07 00 ff 06 00 00 00 26 02 02
 0f 00 16 1b e0 1c 7e 7e a0 2a 41 08 83 13 04 13 e6 e7 00 0f
 40 00 00 00 00 01 01 02 03 09 06 01 00 01 07 7e a0 2a 41 08 83 13 04 13 e6 e7 00 0f 40 00 00 00 00 01 01
 02 03 09 06 01 00 01 07 00 ff 06 00 00 00 26 02 02 0f 00 16
 1b e0 1c 7e 7e a1 1e 41 08 83 13 ee ee e6 e7 00 0f 40 00 00
 00 00 01 0d 02 02 09 06 01 01 00 02 81 ff 0a 0b 41 49 44 4f
 4e 5f 56 30 30 30 31 02 02 09 06 00 00 60 01 00 ff 0a 10 37
 33 35 39 39 39 32 39 30 39 34 32 38 31 32 37 02 02 09 06 00
 00 60 01 07 ff 0a 04 36 35 36 30 02 03 09 06 01 00 01 07 00
 ff 06 00 00 00 26 02 02 0f 00 16 1b 02 03 09 06 01 00 e2 07
 f0 19 c3 7e a1 1e 41 08 83 13 ee ee e6 e7 00 0f 40 00 00 00 00 01 0d
 02 02 09 06 01 01 00 02 81 ff 0a 0b 41 49 44 4f 4e 5f 56 30
 30 30 31 02 02 09 06 00 00 60 01 00 ff 0a 10 37 33 35 39 39
 39 32 39 30 39 34 32 38 31 32 37 02 02 09 06 00 00 60 01 07
 ff 0a 04 36 35 36 30 02 03 09 06 01 00 01 07 00 ff 06 00 00
 00 26 02 02 0f 00 16 1b 02 03 09 06 01 00 e2 07 f0 19 c3 7e
 a0 2a 41 08 83 13 04 13 e6 e7 00 0f 40 00 00 00 00 01 01 02
 03 09 06 01 00 01 07 00 ff 06 00 00 00 26 02 02 0f 00 16 1b
 e0 1c 7e a0 2a 41 08 83 13 04 13 e6 e7 00 0f 40 00 00 00 00 01 01 02
 03 09 06 01 00 01 07 00 ff 06 00 00 00 26 02 02 0f 00 16 1b
 e0 1c 7e 7e a0 2a 41 08 83 13 04 13 e6 e7 00 0f 40 00 00 00
 00 01 01 02 03 09 06 01 00 01 07 00 ff 06 00 00 00 26 02 02
 0f 00 16 1b e0 1c 7e 7e a0 2a 41 08 83 13 04 13 e6 e7 00 0f
 40 00 00 00 00 01 01 02 03 09 06 01 00 01 07 00 ff 06 7e a0 2a 41 08 83 13 04 13 e6 e7 00 0f 40 00 00 00 00 01 01
 02 03 09 06 01 00 01 07 00 ff 06 00 00 00 26 02 02 0f 00 16
 1b e0 1c 7e 7e a0 2a 41 08 83 13 04 13 e6 e7 00 0f 40 00 00
 00 00 01 01 02 03 09 06 01 00 01 07 00 ff 06 00 00 00 26 02
 02 0f 00 16 1b e0 1c 7e 7e a0 2a 41 08 83 13 04 13 e6 e7 00 0f 40 00 00 00 00 01 01
 02 03 09 06 01 00 01 07 00 ff 06 00 00 00 26 02 02 0f 00 16
 1b e0 1c 7e 7e a1 1e 41 08 83 13 ee ee e6 e7 00 0f 40 00 00
 00 00 01 0d 02 02 09 06 01 01 00 02 81 ff 0a 0b 41 49 44 4f
 4e 5f 56 30 30 30 31 02 02 09 7e a1 1e 41 08 83 13 ee ee e6 e7 00 0f 40 00 00 00 00 01 0d
 02 02 09 06 01 01 00 02 81 ff 0a 0b 41 49 44 4f 4e 5f 56 30
 30 30 31 02 02 09 06 00 00 60 01 00 ff 0a 10 37 33 35 39 39
 39 32 39 30 39 34 32 38 31 32 37 02 02 09 06 00 00 60 01 07
 ff 0a 04 36 35 36 30 02 03 09 06 01 00 01 07 00 ff 06 00 00
 00 26 02 02 0f 00 16 1b 02 03 09 06 01 00 e2 07 f0 19 c3 7e
 a0 2a 41 08 83 13 04 13 e6 e7 00 0f 40 00 00 00 00 01 01 02
 03 09 06 01 00 01 07 00 ff 06 00 00 00 26 02 02 0f 00 16 1b
 e0 1c 7e a0 2a 41 08 83 13 04 13 e6 e7 00 0f 40 00 00 00 00 01 01 02
 03 09 06 01 00 01 07 00 ff 06 00 00 00 26 02 02 0f 00 16 1b
 e0 1c 7e 7e a0 2a 41 08 83 13 04 13 e6 e7 00 0f 40 00 00 00
 00 01 01 02 03 09 06 01 00 01 07 00 ff 06 00 00 00 26 02 02
 0f 00 16 1b e0 1c 7e 7e a0 2a 41 08 83 13 04 13 e6 e7 00 0f
 40 00 00 00 00 01 01 02 03 09 06 01 00 01 07 00 ff 06 00 00
 00 26 02 02 0f 00 16 1b e0 1c 7e 7e a0 2a 41 08 83 13 04 13 e6 e7 00 0f 40 00 00 00 00 01 01
 02 03 09 06 01 00 01 07 00 ff 06 00 00 00 00 02 02 0f 00 16
 1b ae 27 7e 7e a0 d2 41 08 83 13 82 d6 e6 e7 00 0f 40 00 00
 00 00 01 09 02 02 09 06 01 01 00 02 81 ff 0a 0b 41 49 44 4f
 4e 5f 56 30 30 30 31 02 02 09 06 00 00 60 01 00 ff 0a 10 37
 33 35 39 39 39 32 39 30 30 32 36 32 31 37 31 02 02 09 06 00
 00 60 01 07 ff 0a 04 36 35 31 35 02 03 09 06 01 00 01 07 00
 ff 06 00 00 00 00 02 02 0f 00 16 1b 02 03 09 fe 7e a0 d2 41 08 83 13 82 d6 e6 e7 00 0f 40 00 00 00 00 01 09
 02 02 09 06 01 01 00 02 81 ff 0a 0b 41 49 44 4f 4e 5f 56 30
 30 30 31 02 02 09 06 00 00 60 01 00 ff 0a 10 37 33 35 39 39
 39 32 39 30 30 32 36 32 31 34 30 02 02 09 06 00 00 60 01 07
 ff 0a 04 36 35 31 35 02 03 09 06 01 00 01 07 00 ff 06 00 00
 00 00 02 02 0f 00 16 1b 02 03 09 06 01 00 02 07 00 ff 06 00
 00 00 00 02 02 0f 00 16 1b 02 03 09 06 01 00 03 07 00 ff 06
 00 f0 7e a0 2a 41 08 83 13 04 13 e6 e7 00 0f 40 00 00 00 00
 01 01 02 03 09 06 01 00 01 07 00 ff 06 00 00 00 00 02 02 0f
 00 16 1b ae 27 7e a0 2a 41 08 83 13 04 13 e6 e7 00 0f 40 00 00 00 00 01 01 02
 03 09 06 01 00 01 07 00 ff 06 00 00 00 00 02 02 0f 00 16 1b
 ae 27 7e 7e a0 2a 41 08 83 13 04 13 e6 e7 00 0f 40 00 00 00
 00 01 01 02 03 09 06 01 00 01 07 00 ff 06 00 00 00 00 02 02
 0f 00 16 1b ae 27 7e 7e a0 2a 41 08 83 13 04 13 e6 e7 00 0f
 40 00 00 00 00 01 01 02 03 09 06 01 00 01 07 00 ff 06 00 00
 00 00 02 02 0f 00 16 1b ae 27 7e 7e a0 d2 41 08 83 13 82 d6 e6 e7 00 0f 40 00 00 00 00 01 09
 02 02 09 06 01 01 00 02 81 ff 0a 0b 41 49 44 4f 4e 5f 56 30
 30 30 31 02 02 09 06 00 00 60 01 00 ff 0a 10 37 33 35 39 39
 39 32 39 30 30 32 36 32 31 34 30 02 02 09 06 00 00 60 01 07
 ff 0a 04 36 35 31 35 02 03 09 06 01 00 01 07 00 ff 06 00 00
 00 00 02 02 0f 00 16 1b 02 03 09 06 01 00 02 07 00 ff 06 00
 00 00 00 02 02 0f 00 16 1b 02 03 09 06 01 00 03 07 00 ff 06
 00 f0 7e a0 2a 41 08 83 13 04 13 e6 e7 00 0f 40 00 00 00 00
 01 01 02 03 09 06 01 00 01 07 00 ff 06 00 00 00 00 02 02 0f
 00 16 1b ae 27 7e a0 2a 41 08 83 13 04 13 e6 e7 00 0f 40 00 00 00 00 01 01 02
 03 09 06 01 00 01 07 00 ff 06 00 00 00 00 02 02 0f 00 16 1b
 ae 27 7e 7e a0 2a 41 08 83 13 04 13 e6 e7 00 0f 40 00 00 00
 00 01 01 02 03 09 06 01 00 01 07 00 ff 06 00 00 00 00 02 02
 0f 00 16 1b ae 27 7e 7e a0 2a 41 08 83 13 04 13 e6 e7 00 0f
 40 00 00 00 00 01 01 02 03 09 06 01 00 01 07 00 ff 06 00 00
 00 00 02 02 0f 00 16 1b ae 27 7e 7e a0 d2 41 08 83 13 82 d6 e6 e7 00 0f 40 00 00 00 00 01 09
 02 02 09 06 01 01 00 02 81 ff 0a 0b 41 49 44 4f 4e 5f 56 30
 30 30 31 02 02 09 06 00 00 60 01 00 ff 0a 10 37 33 35 39 39
 39 32 39 30 30 32 36 32 31 34 30 02 02 09 06 00 00 60 01 07
 ff 0a 04 36 35 31 35 02 03 09 06 01 00 01 07 00 ff 06 00 00
 00 00 02 02 0f 00 16 1b 02 03 09 06 01 00 02 07 00 ff 06 00
 00 00 00 02 02 0f 00 16 1b 02 03 09 06 01 00 03 07 00 ff 06
 00 f0 7e a0 2a 41 08 83 13 04 13 e6 e7 00 0f 40 00 00 00 00
 01 01 02 03 09 06 01 00 01 07 00 ff 06 00 00 00 00 02 02 0f
 00 16 1b ae 27 7e a0 2a 41 08 83 13 04 13 e6 e7 00 0f 40 00 00 00 00 01 01 02
 03 09 06 01 00 01 07 00 ff 06 00 00 00 00 02 02 0f 00 16 1b
 ae 27 7e 7e a0 2a 41 08 83 13 04 13 e6 e7 00 0f 40 00 00 00
 00 01 01 02 03 09 06 01 00 01 07 00 ff 06 00 00 00 00 02 02
 0f 00 16 1b ae 27 7e 7e a0 2a 41 08 83 13 04 13 e6 e7 00 0f
 40 00 00 00 00 01 01 02 03 09 06 01 00 01 07 00 ff 06 00 00
 00 00 02 02 0f 00 16 1b ae 27 7e 7e a0 d2 41 08 83 13 82 d6 e6 e7 00 0f 40 00 00 00 00 01 09
 02 02 09 06 01 01 00 02 81 ff 0a 0b 41 49 44 4f 4e 5f 56 30
 30 30 31 02 02 09 06 00 00 60 01 00 ff 0a 10 37 33 35 39 39
 39 32 39 30 30 32 36 32 31 34 30 02 02 09 06 00 00 60 01 07
 ff 0a 04 36 35 31 35 02 03 09 06 01 00 01 07 00 ff 06 00 00
 00 00 02 02 0f 00 16 1b 02 03 09 06 01 00 02 07 00 ff 06 00
 00 00 00 02 02 0f 00 16 1b 02 03 09 06 01 00 03 07 00 ff 06
 00 f0 7e a0 2a 41 08 83 13 04 13 e6 e7 00 0f 40 00 00 00 00
 01 01 02 03 09 06 01 00 01 07 00 ff 06 00 00 00 00 02 02 0f
<<<<<<< HEAD
 00 16 1b ae 27 7e 07 00 ff 06 00 00 00 00 02 02 0f 00 16 1b ae 27 7e 7e a0 d2
 41 08 83 13 82 d6 e6 e7 00 0f 40 00 00 00 00 01 09 02 02 09
 06 01 01 00 02 81 ff 0a 0b 41 49 44 4f 4e 5f 56 30 30 30 31
 02 02 09 06 00 00 60 01 00 ff 0a 10 37 33 35 39 39 39 32 39
 30 30 32 36 32 31 34 30 02 02 09 06 00 00 60 01 07 ff 0a 04
 36 35 31 35 02 03 09 06 01 00 01 07 00 ff 06 00 00 00 00 02
 02 0f 00 16 1b 02 03 09 06 01 00 02 07 00 ff 06 00 00 00 00
 02 02 0f 00 16 1b 02 03 09 06 01 00 03 07 07 00 ff 06 00 00 00 00 02 02 0f 00 16 1b ae 27 7e 7e a0 d2
 41 08 83 13 82 d6 e6 e7 00 0f 40 00 00 00 00 01 09 02 02 09
 06 01 01 00 02 81 ff 0a 0b 41 49 44 4f 4e 5f 56 30 30 30 31
 02 02 09 06 00 00 60 01 00 ff 0a 10 37 33 35 39 39 39 32 39
 30 30 32 36 32 31 34 30 02 02 09 06 00 00 60 01 07 ff 0a 04
 36 35 31 35 02 03 09 06 01 00 01 07 00 ff 06 00 00 00 00 02
 02 0f 00 16 1b 02 03 09 06 01 00 02 07 00 ff 06 00 00 00 00
 02 02 0f 00 16 1b 02 03 09 06 01 00 03 07 80 ff 06 00 fc 7e
 a0 2a 41 08 83 13 04 13 e6 e7 00 0f 40 00 00 00 00 01 01 02
 03 09 06 01 00 01 07 00 a0 2a 41 08 83 13 04 13 e6 e7 00 0f 40 00 00 00 00 01 01 02
 03 09 06 01 00 01 07 00 ff 06 00 00 00 00 02 02 0f 00 16 1b
 ae 27 7e 7e a0 2a 41 08 83 13 04 13 e6 e7 00 0f 40 00 00 00
 00 01 01 02 03 09 06 01 00 01 07 00 ff 06 00 00 00 00 02 02
 0f 00 16 1b ae 27 7e
=======
 00 16 1b ae 27 7e
>>>>>>> a790d7561cacedd2fa5e106d0b82419c9d7f9d9d
