01 00 02 81 ff 0a 0b 41 49 44 4f 4e 5f 56 30 30 30 31 02 02 09 06 00 00 60 01 00 ff 0a 10 37 33 35 39 39 39 32 39 32 35 
31 37 35 30 33 36 02 02 09 06 00 00 60 01 07 ff 0a 04 36 35 35 30 02 03 09 06 01 00 01 07 00 ff 06 00 00 01 2f 02 02 0f 
00 16 1b 02 03 09 06 01 00 02 07 00 ff 06 00 00 00 00 02 02 0f 00 16 1b 02 03 09 06 01 00 03 07 00 ff 06 00 00 00 00 02 
02 0f 00 16 1d 02 03 09 06 01 00 04 07 00 ff 06 00 00 00 79 02 02 0f 00 16 1d 02 03 09 06 01 00 1f 07 00 ff 10 00 05 02 
02 0f ff 16 21 02 03 09 06 01 00 33 07 00 ff 10 00 04 02 02 0f ff 16 21 02 03 09 06 01 00 47 07 00 ff 10 00 03 02 02 0f 
ff 16 21 02 03 09 06 01 00 20 07 00 ff 12 09 22 02 02 0f ff 16 23 02 03 09 06 01 00 34 07 00 ff 12 09 26 02 02 0f ff 16 
23 02 03 09 06 01 00 48 07 00 ff 12 09 29 02 02 0f ff 16 23 8c 1b 7e 7e a0 2a 41 08 83 13 04 13 e6 e7 00 0f 40 00 00 00 
00 01 01 02 03 09 06 01 00 01 07 00 ff 06 00 00 01 2b 02 02 0f 00 16 1b 10 b3 7e 7e a0 2a 41 08 83 13 04 13 e6 e7 00 0f 
40 00 00 00 00 01 01 02 03 09 06 01 00 01 07 00 ff 06 00 00 01 27 02 02 0f 00 16 1b 8a 02 7e 7e a0 2a 41 08 83 13 04 13 
e6 e7 00 0f 40 00 00 00 00 01 01 02 03 09 06 01 00 01 07 00 ff 06 00 00 01 27 02 02 0f 00 16 1b 8a 02 7e 7e a1 1e 41 08 
83 13 ee ee e6 e7 00 0f 40 00 00 00 00 01 0d 02 02 09 06 01 01 00 02 81 ff 0a 0b 41 49 44 4f 4e 5f 56 30 30 30 31 02 02 
09 06 00 00 60 01 00 ff 0a 10 37 33 35 39 39 39 32 39 32 35 31 37 35 30 33 36 02 02 09 06 00 00 60 01 07 ff 0a 04 36 35 
35 30 02 03 09 06 01 00 01 07 00 ff 06 00 00 01 1b 02 02 0f 00 16 1b 02 03 09 06 01 00 02 07 00 ff 06 00 00 00 00 02 02 
0f 00 16 1b 02 03 09 06 01 00 03 07 00 ff 06 00 00 00 00 02 02 0f 00 16 1d 02 03 09 06 01 00 04 07 00 ff 06 00 00 00 7a 
02 02 0f 00 16 1d 02 03 09 06 01 00 1f 07 00 ff 10 00 05 02 02 0f ff 16 21 02 03 09 06 01 00 33 07 00 ff 10 00 04 02 02 
0f ff 16 21 02 03 09 06 01 00 47 07 00 ff 10 00 03 02 02 0f ff 16 21 02 03 09 06 01 00 20 07 00 ff 12 09 23 02 02 0f ff 
16 23 02 03 09 06 01 00 34 07 00 ff 12 09 27 02 02 0f ff 16 23 02 03 09 06 01 00 48 07 00 ff 12 09 2a 02 02 0f ff 16 23 
05 9a 7e 7e a0 2a 41 08 83 13 04 13 e6 e7 00 0f 40 00 00 00 00 01 01 02 03 09 06 01 00 01 07 00 ff 06 00 00 01 1f 02 02 
0f 00 16 1b 2c 0a 7e 7e a0 2a 41 08 83 13 04 13 e6 e7 00 0f 40 00 00 00 00 01 01 02 03 09 06 01 00 01 07 00 ff 06 00 00 
01 1c 02 02 0f 00 16 1b 42 a2 7e 7e a0 2a 41 08 83 13 04 13 e6 e7 00 0f 40 00 00 00 00 01 01 02 03 09 06 01 00 01 07 00 
ff 06 00 00 01 19 02 02 0f 00 16 1b e1 52 7e 7e a1 1e 41 08 83 13 ee ee e6 e7 00 0f 40 00 00 00 00 01 0d 02 02 09 06 01 
01 00 02 81 ff 0a 0b 41 49 44 4f 4e 5f 56 30 30 30 31 02 02 09 06 00 00 60 01 00 ff 0a 10 37 33 35 39 39 39 32 39 32 35 
31 37 35 30 33 36 02 02 09 06 00 00 60 01 07 ff 0a 04 36 35 35 30 02 03 09 06 01 00 01 07 00 ff 06 00 00 01 10 02 02 0f 
00 16 1b 02 03 09 06 01 00 02 07 00 ff 06 00 00 00 00 02 02 0f 00 16 1b 02 03 09 06 01 00 03 07 00 ff 06 00 00 00 00 02 
02 0f 00 16 1d 02 03 09 06 01 00 04 07 00 ff 06 00 00 00 79 02 02 0f 00 16 1d 02 03 09 06 01 00 1f 07 00 ff 10 00 05 02 
02 0f ff 16 21 02 03 09 06 01 00 33 07 00 ff 10 00 04 02 02 0f ff 16 21 02 03 09 06 01 00 47 07 00 ff 10 00 03 02 02 0f 
ff 16 21 02 03 09 06 01 00 20 07 00 ff 12 09 24 02 02 0f ff 16 23 02 03 09 06 01 00 34 07 00 ff 12 09 27 02 02 0f ff 16 
23 02 03 09 06 01 00 48 07 00 ff 12 09 2b 02 02 0f ff 16 23 2d 64 7e 7e a0 2a 41 08 83 13 04 13 e6 e7 00 0f 40 00 00 00 
00 01 01 02 03 09 06 01 00 01 07 00 ff 06 00 00 01 11 02 02 0f 00 16 1b 0d 8c 7e 7e a0 2a 41 08 83 13 04 13 e6 e7 00 0f 
40 00 00 00 00 01 01 02 03 09 06 01 00 01 07 00 ff 06 00 00 01 10 02 02 0f 00 16 1b d8 13 7e 7e a0 2a 41 08 83 13 04 13 
e6 e7 00 0f 40 00 00 00 00 01 01 02 03 09 06 01 00 01 07 00 ff 06 00 00 01 0f 02 02 0f 00 16 1b e5 bf 7e 7e a1 1e 41 08 
83 13 ee ee e6 e7 00 0f 40 00 00 00 00 01 0d 02 02 09 06 01 01 00 02 81 ff 0a 0b 41 49 44 4f 4e 5f 56 30 30 30 31 02 02 
09 06 00 00 60 01 00 ff 0a 10 37 33 35 39 39 39 32 39 32 35 31 37 35 30 33 36 02 02 09 06 00 00 60 01 07 ff 0a 04 36 35 
35 30 02 03 09 06 01 00 01 07 00 ff 06 00 00 01 08 02 02 0f 00 16 1b 02 03 09 06 01 00 02 07 00 ff 06 00 00 00 00 02 02 
0f 00 16 1b 02 03 09 06 01 00 03 07 00 ff 06 00 00 00 00 02 02 0f 00 16 1d 02 03 09 06 01 00 04 07 00 ff 06 00 00 00 79 
02 02 0f 00 16 1d 02 03 09 06 01 00 1f 07 00 ff 10 00 04 02 02 0f ff 16 21 02 03 09 06 01 00 33 07 00 ff 10 00 04 02 02 
0f ff 16 21 02 03 09 06 01 00 47 07 00 ff 10 00 03 02 02 0f ff 16 21 02 03 09 06 01 00 20 07 00 ff 12 09 26 02 02 0f ff 
16 23 02 03 09 06 01 00 34 07 00 ff 12 09 2a 02 02 0f ff 16 23 02 03 09 06 01 00 48 07 00 ff 12 09 2d 02 02 0f ff 16 23 
bd 05 7e 7e a0 2a 41 08 83 13 04 13 e6 e7 00 0f 40 00 00 00 00 01 01 02 03 09 06 01 00 01 07 00 ff 06 00 00 01 08 02 02 
0f 00 16 1b fd 78 7e 7e a0 2a 41 08 83 13 04 13 e6 e7 00 0f 40 00 00 00 00 01 01 02 03 09 06 01 00 01 07 00 ff 06 00 00 
01 21 02 02 0f 00 16 1b 47 5a 7e 7e a0 2a 41 08 83 13 04 13 e6 e7 00 0f 40 00 00 00 00 01 01 02 03 09 06 01 00 01 07 00 
ff 06 00 00 01 28 02 02 0f 00 16 1b 7e 1b 7e 7e a1 1e 41 08 83 13 ee ee e6 e7 00 0f 40 00 00 00 00 01 0d 02 02 09 06 01 
01 00 02 81 ff 0a 0b 41 49 44 4f 4e 5f 56 30 30 30 31 02 02 09 06 00 00 60 01 00 ff 0a 10 37 33 35 39 39 39 32 39 32 35 
31 37 35 30 33 36 02 02 09 06 00 00 60 01 07 ff 0a 04 36 35 35 30 02 03 09 06 01 00 01 07 00 ff 06 00 00 01 2a 02 02 0f 
00 16 1b 02 03 09 06 01 00 02 07 00 ff 06 00 00 00 00 02 02 0f 00 16 1b 02 03 09 06 01 00 03 07 00 ff 06 00 00 00 00 02 
02 0f 00 16 1d 02 03 09 06 01 00 04 07 00 ff 06 00 00 00 5c 02 02 0f 00 16 1d 02 03 09 06 01 00 1f 07 00 ff 10 00 04 02 
02 0f ff 16 21 02 03 09 06 01 00 33 07 00 ff 10 00 04 02 02 0f ff 16 21 02 03 09 06 01 00 47 07 00 ff 10 00 03 02 02 0f 
ff 16 21 02 03 09 06 01 00 20 07 00 ff 12 09 23 02 02 0f ff 16 23 02 03 09 06 01 00 34 07 00 ff 12 09 27 02 02 0f ff 16 
23 02 03 09 06 01 00 48 07 00 ff 12 09 2a 02 02 0f ff 16 23 89 60 7e 7e a0 2a 41 08 83 13 04 13 e6 e7 00 0f 40 00 00 00 
00 01 01 02 03 09 06 01 00 01 07 00 ff 06 00 00 01 2a 02 02 0f 00 16 1b c5 2c 7e 7e a0 2a 41 08 83 13 04 13 e6 e7 00 0f 
40 00 00 00 00 01 01 02 03 09 06 01 00 01 07 00 ff 06 00 00 01 27 02 02 0f 00 16 1b 8a 02 7e 7e a0 2a 41 08 83 13 04 13 
e6 e7 00 0f 40 00 00 00 00 01 01 02 03 09 06 01 00 01 07 00 ff 06 00 00 01 27 02 02 0f 00 16 1b 8a 02 7e 7e a1 1e 41 08 
83 13 ee ee e6 e7 00 0f 40 00 00 00 00 01 0d 02 02 09 06 01 01 00 02 81 ff 0a 0b 41 49 44 4f 4e 5f 56 30 30 30 31 02 02 
09 06 00 00 60 01 00 ff 0a 10 37 33 35 39 39 39 32 39 32 35 31 37 35 30 33 36 02 02 09 06 00 00 60 01 07 ff 0a 04 36 35 
35 30 02 03 09 06 01 00 01 07 00 ff 06 00 00 01 21 02 02 0f 00 16 1b 02 03 09 06 01 00 02 07 00 ff 06 00 00 00 00 02 02 
0f 00 16 1b 02 03 09 06 01 00 03 07 00 ff 06 00 00 00 00 02 02 0f 00 16 1d 02 03 09 06 01 00 04 07 00 ff 06 00 00 00 5b 
02 02 0f 00 16 1d 02 03 09 06 01 00 1f 07 00 ff 10 00 05 02 02 0f ff 16 21 02 03 09 06 01 00 33 07 00 ff 10 00 04 02 02 
0f ff 16 21 02 03 09 06 01 00 47 07 00 ff 10 00 03 02 02 0f ff 16 21 02 03 09 06 01 00 20 07 00 ff 12 09 22 02 02 0f ff 
16 23 02 03 09 06 01 00 34 07 00 ff 12 09 26 02 02 0f ff 16 23 02 03 09 06 01 00 48 07 00 ff 12 09 29 02 02 0f ff 16 23 
c4 62 7e 7e a0 2a 41 08 83 13 04 13 e6 e7 00 0f 40 00 00 00 00 01 01 02 03 09 06 01 00 01 07 00 ff 06 00 00 01 20 02 02 
0f 00 16 1b 92 c5 7e 7e a0 2a 41 08 83 13 04 13 e6 e7 00 0f 40 00 00 00 00 01 01 02 03 09 06 01 00 01 07 00 ff 06 00 00 
01 1d 02 02 0f 00 16 1b 97 3d 7e 7e a0 2a 41 08 83 13 04 13 e6 e7 00 0f 40 00 00 00 00 01 01 02 03 09 06 01 00 01 07 00 
ff 06 00 00 01 1a 02 02 0f 00 16 1b 8f fa 7e 7e a1 1e 41 08 83 13 ee ee e6 e7 00 0f 40 00 00 00 00 01 0d 02 02 09 06 01 
01 00 02 81 ff 0a 0b 41 49 44 4f 4e 5f 56 30 30 30 31 02 02 09 06 00 00 60 01 00 ff 0a 10 37 33 35 39 39 39 32 39 32 35 
31 37 35 30 33 36 02 02 09 06 00 00 60 01 07 ff 0a 04 36 35 35 30 02 03 09 06 01 00 01 07 00 ff 06 00 00 01 1a 02 02 0f 
00 16 1b 02 03 09 06 01 00 02 07 00 ff 06 00 00 00 00 02 02 0f 00 16 1b 02 03 09 06 01 00 03 07 00 ff 06 00 00 00 00 02 
02 0f 00 16 1d 02 03 09 06 01 00 04 07 00 ff 06 00 00 00 5a 02 02 0f 00 16 1d 02 03 09 06 01 00 1f 07 00 ff 10 00 05 02 
02 0f ff 16 21 02 03 09 06 01 00 33 07 00 ff 10 00 04 02 02 0f ff 16 21 02 03 09 06 01 00 47 07 00 ff 10 00 03 02 02 0f 
ff 16 21 02 03 09 06 01 00 20 07 00 ff 12 09 23 02 02 0f ff 16 23 02 03 09 06 01 00 34 07 00 ff 12 09 27 02 02 0f ff 16 
23 02 03 09 06 01 00 48 07 00 ff 12 09 2a 02 02 0f ff 16 23 c9 2e 7e 7e a0 2a 41 08 83 13 04 13 e6 e7 00 0f 40 00 00 00 
00 01 01 02 03 09 06 01 00 01 07 00 ff 06 00 00 01 19 02 02 0f 00 16 1b e1 52 7e 7e a0 2a 41 08 83 13 04 13 e6 e7 00 0f 
40 00 00 00 00 01 01 02 03 09 06 01 00 01 07 00 ff 06 00 00 01 1b 02 02 0f 00 16 1b 5a 65 7e 7e a0 2a 41 08 83 13 04 13 
e6 e7 00 0f 40 00 00 00 00 01 01 02 03 09 06 01 00 01 07 00 ff 06 00 00 01 08 02 02 0f 00 16 1b fd 78 7e 7e a1 1e 41 08 
83 13 ee ee e6 e7 00 0f 40 00 00 00 00 01 0d 02 02 09 06 01 01 00 02 81 ff 0a 0b 41 49 44 4f 4e 5f 56 30 30 30 31 02 02 
09 06 00 00 60 01 00 ff 0a 10 37 33 35 39 39 39 32 39 32 35 31 37 35 30 33 36 02 02 09 06 00 00 60 01 07 ff 0a 04 36 35 
35 30 02 03 09 06 01 00 01 07 00 ff 06 00 00 01 04 02 02 0f 00 16 1b 02 03 09 06 01 00 02 07 00 ff 06 00 00 00 00 02 02 
0f 00 16 1b 02 03 09 06 01 00 03 07 00 ff 06 00 00 00 00 02 02 0f 00 16 1d 02 03 09 06 01 00 04 07 00 ff 06 00 00 00 58 
02 02 0f 00 16 1d 02 03 09 06 01 00 1f 07 00 ff 10 00 04 02 02 0f ff 16 21 02 03 09 06 01 00 33 07 00 ff 10 00 04 02 02 
0f ff 16 21 02 03 09 06 01 00 47 07 00 ff 10 00 03 02 02 0f ff 16 21 02 03 09 06 01 00 20 07 00 ff 12 09 20 02 02 0f ff 
16 23 02 03 09 06 01 00 34 07 00 ff 12 09 23 02 02 0f ff 16 23 02 03 09 06 01 00 48 07 00 ff 12 09 26 02 02 0f ff 16 23 
4a 72 7e 7e a0 2a 41 08 83 13 04 13 e6 e7 00 0f 40 00 00 00 00 01 01 02 03 09 06 01 00 01 07 00 ff 06 00 00 01 06 02 02 
0f 00 16 1b dc fe 7e 7e a0 2a 41 08 83 13 04 13 e6 e7 00 0f 40 00 00 00 00 01 01 02 03 09 06 01 00 01 07 00 ff 06 00 00 
01 01 02 02 0f 00 16 1b c4 39 7e 7e a0 2a 41 08 83 13 04 13 e6 e7 00 0f 40 00 00 00 00 01 01 02 03 09 06 01 00 01 07 00 
ff 06 00 00 00 fe 02 02 0f 00 16 1b de 36 7e 7e a1 1e 41 08 83 13 ee ee e6 e7 00 0f 40 00 00 00 00 01 0d 02 02 09 06 01 
01 00 02 81 ff 0a 0b 41 49 44 4f 4e 5f 56 30 30 30 31 02 02 09 06 00 00 60 01 00 ff 0a 10 37 33 35 39 39 39 32 39 32 35 
31 37 35 30 33 36 02 02 09 06 00 00 60 01 07 ff 0a 04 36 35 35 30 02 03 09 06 01 00 01 07 00 ff 06 00 00 00 f6 02 02 0f 
00 16 1b 02 03 09 06 01 00 02 07 00 ff 06 00 00 00 00 02 02 0f 00 16 1b 02 03 09 06 01 00 03 07 00 ff 06 00 00 00 00 02 
02 0f 00 16 1d 02 03 09 06 01 00 04 07 00 ff 06 00 00 00 5b 02 02 0f 00 16 1d 02 03 09 06 01 00 1f 07 00 ff 10 00 04 02 
02 0f ff 16 21 02 03 09 06 01 00 33 07 00 ff 10 00 04 02 02 0f ff 16 21 02 03 09 06 01 00 47 07 00 ff 10 00 02 02 02 0f 
ff 16 21 02 03 09 06 01 00 20 07 00 ff 12 09 22 02 02 0f ff 16 23 02 03 09 06 01 00 34 07 00 ff 12 09 25 02 02 0f ff 16 
23 02 03 09 06 01 00 48 07 00 ff 12 09 29 02 02 0f ff 16 23 cd 81 7e 7e a0 2a 41 08 83 13 04 13 e6 e7 00 0f 40 00 00 00 
00 01 01 02 03 09 06 01 00 01 07 00 ff 06 00 00 00 f0 02 02 0f 00 16 1b ff b0 7e 7e a0 2a 41 08 83 13 04 13 e6 e7 00 0f 
40 00 00 00 00 01 01 02 03 09 06 01 00 01 07 00 ff 06 00 00 00 e8 02 02 0f 00 16 1b da db 7e 7e a0 2a 41 08 83 13 04 13 
e6 e7 00 0f 40 00 00 00 00 01 01 02 03 09 06 01 00 01 07 00 ff 06 00 00 00 e8 02 02 0f 00 16 1b da db 7e 7e a1 1e 41 08 
83 13 ee ee e6 e7 00 0f 40 00 00 00 00 01 0d 02 02 09 06 01 01 00 02 81 ff 0a 0b 41 49 44 4f 4e 5f 56 30 30 30 31 02 02 
09 06 00 00 60 01 00 ff 0a 10 37 33 35 39 39 39 32 39 32 35 31 37 35 30 33 36 02 02 09 06 00 00 60 01 07 ff 0a 04 36 35 
35 30 02 03 09 06 01 00 01 07 00 ff 06 00 00 00 e8 02 02 0f 00 16 1b 02 03 09 06 01 00 02 07 00 ff 06 00 00 00 00 02 02 
0f 00 16 1b 02 03 09 06 01 00 03 07 00 ff 06 00 00 00 00 02 02 0f 00 16 1d 02 03 09 06 01 00 04 07 00 ff 06 00 00 00 5b 
02 02 0f 00 16 1d 02 03 09 06 01 00 1f 07 00 ff 10 00 04 02 02 0f ff 16 21 02 03 09 06 01 00 33 07 00 ff 10 00 03 02 02 
0f ff 16 21 02 03 09 06 01 00 47 07 00 ff 10 00 02 02 02 0f ff 16 21 02 03 09 06 01 00 20 07 00 ff 12 09 24 02 02 0f ff 
16 23 02 03 09 06 01 00 34 07 00 ff 12 09 28 02 02 0f ff 16 23 02 03 09 06 01 00 48 07 00 ff 12 09 2b 02 02 0f ff 16 23 
5f 78 7e 7e a0 2a 41 08 83 13 04 13 e6 e7 00 0f 40 00 00 00 00 01 01 02 03 09 06 01 00 01 07 00 ff 06 00 00 00 e1 02 02 
0f 00 16 1b e3 9a 7e 7e a0 2a 41 08 83 13 04 13 e6 e7 00 0f 40 00 00 00 00 01 01 02 03 09 06 01 00 01 07 00 ff 06 00 00 
00 df 02 02 0f 00 16 1b 88 ca 7e 7e a0 2a 41 08 83 13 04 13 e6 e7 00 0f 40 00 00 00 00 01 01 02 03 09 06 01 00 01 07 00 
ff 06 00 00 00 dd 02 02 0f 00 16 1b 33 fd 7e 7e a1 1e 41 08 83 13 ee ee e6 e7 00 0f 40 00 00 00 00 01 0d 02 02 09 06 01 
01 00 02 81 ff 0a 0b 41 49 44 4f 4e 5f 56 30 30 30 31 02 02 09 06 00 00 60 01 00 ff 0a 10 37 33 35 39 39 39 32 39 32 35 
31 37 35 30 33 36 02 02 09 06 00 00 60 01 07 ff 0a 04 36 35 35 30 02 03 09 06 01 00 01 07 00 ff 06 00 00 00 da 02 02 0f 
00 16 1b 02 03 09 06 01 00 02 07 00 ff 06 00 00 00 00 02 02 0f 00 16 1b 02 03 09 06 01 00 03 07 00 ff 06 00 00 00 00 02 
02 0f 00 16 1d 02 03 09 06 01 00 04 07 00 ff 06 00 00 00 5b 02 02 0f 00 16 1d 02 03 09 06 01 00 1f 07 00 ff 10 00 04 02 
02 0f ff 16 21 02 03 09 06 01 00 33 07 00 ff 10 00 03 02 02 0f ff 16 21 02 03 09 06 01 00 47 07 00 ff 10 00 02 02 02 0f 
ff 16 21 02 03 09 06 01 00 20 07 00 ff 12 09 23 02 02 0f ff 16 23 02 03 09 06 01 00 34 07 00 ff 12 09 26 02 02 0f ff 16 
23 02 03 09 06 01 00 48 07 00 ff 12 09 29 02 02 0f ff 16 23 b1 d2 7e 7e a0 2a 41 08 83 13 04 13 e6 e7 00 0f 40 00 00 00 
00 01 01 02 03 09 06 01 00 01 07 00 ff 06 00 00 00 d4 02 02 0f 00 16 1b 0a bc 7e 7e a0 2a 41 08 83 13 04 13 e6 e7 00 0f 
40 00 00 00 00 01 01 02 03 09 06 01 00 01 07 00 ff 06 00 00 00 d2 02 02 0f 00 16 1b c7 e4 7e 7e a0 2a 41 08 83 13 04 13 
e6 e7 00 0f 40 00 00 00 00 01 01 02 03 09 06 01 00 01 07 00 ff 06 00 00 00 d2 02 02 0f 00 16 1b c7 e4 7e 7e a1 1e 41 08 
83 13 ee ee e6 e7 00 0f 40 00 00 00 00 01 0d 02 02 09 06 01 01 00 02 81 ff 0a 0b 41 49 44 4f 4e 5f 56 30 30 30 31 02 02 
09 06 00 00 60 01 00 ff 0a 10 37 33 35 39 39 39 32 39 32 35 31 37 35 30 33 36 02 02 09 06 00 00 60 01 07 ff 0a 04 36 35 
35 30 02 03 09 06 01 00 01 07 00 ff 06 00 00 00 d0 02 02 0f 00 16 1b 02 03 09 06 01 00 02 07 00 ff 06 00 00 00 00 02 02 
0f 00 16 1b 02 03 09 06 01 00 03 07 00 ff 06 00 00 00 00 02 02 0f 00 16 1d 02 03 09 06 01 00 04 07 00 ff 06 00 00 00 5a 
02 02 0f 00 16 1d 02 03 09 06 01 00 1f 07 00 ff 10 00 04 02 02 0f ff 16 21 02 03 09 06 01 00 33 07 00 ff 10 00 03 02 02 
0f ff 16 21 02 03 09 06 01 00 47 07 00 ff 10 00 02 02 02 0f ff 16 21 02 03 09 06 01 00 20 07 00 ff 12 09 23 02 02 0f ff 
16 23 02 03 09 06 01 00 34 07 00 ff 12 09 26 02 02 0f ff 16 23 02 03 09 06 01 00 48 07 00 ff 12 09 29 02 02 0f ff 16 23 
10 d4 7e 7e a0 2a 41 08 83 13 04 13 e6 e7 00 0f 40 00 00 00 00 01 01 02 03 09 06 01 00 01 07 00 ff 06 00 00 00 c8 02 02 
0f 00 16 1b 59 b8 7e 7e a0 2a 41 08 83 13 04 13 e6 e7 00 0f 40 00 00 00 00 01 01 02 03 09 06 01 00 01 07 00 ff 06 00 00 
00 ca 02 02 0f 00 16 1b e2 8f 7e 7e a0 2a 41 08 83 13 04 13 e6 e7 00 0f 40 00 00 00 00 01 01 02 03 09 06 01 00 01 07 00 
ff 06 00 00 00 c5 02 02 0f 00 16 1b 16 96 7e 7e a1 1e 41 08 83 13 ee ee e6 e7 00 0f 40 00 00 00 00 01 0d 02 02 09 06 01 
01 00 02 81 ff 0a 0b 41 49 44 4f 4e 5f 56 30 30 30 31 02 02 09 06 00 00 60 01 00 ff 0a 10 37 33 35 39 39 39 32 39 32 35 
31 37 35 30 33 36 02 02 09 06 00 00 60 01 07 ff 0a 04 36 35 35 30 02 03 09 06 01 00 01 07 00 ff 06 00 00 00 c4 02 02 0f 
00 16 1b 02 03 09 06 01 00 02 07 00 ff 06 00 00 00 00 02 02 0f 00 16 1b 02 03 09 06 01 00 03 07 00 ff 06 00 00 00 00 02 
02 0f 00 16 1d 02 03 09 06 01 00 04 07 00 ff 06 00 00 00 59 02 02 0f 00 16 1d 02 03 09 06 01 00 1f 07 00 ff 10 00 03 02 
02 0f ff 16 21 02 03 09 06 01 00 33 07 00 ff 10 00 03 02 02 0f ff 16 21 02 03 09 06 01 00 47 07 00 ff 10 00 02 02 02 0f 
ff 16 21 02 03 09 06 01 00 20 07 00 ff 12 09 26 02 02 0f ff 16 23 02 03 09 06 01 00 34 07 00 ff 12 09 2a 02 02 0f ff 16 
23 02 03 09 06 01 00 48 07 00 ff 12 09 2c 02 02 0f ff 16 23 b3 98 7e 7e a0 2a 41 08 83 13 04 13 e6 e7 00 0f 40 00 00 00 
00 01 01 02 03 09 06 01 00 01 07 00 ff 06 00 00 00 c4 02 02 0f 00 16 1b c3 09 7e 7e a0 2a 41 08 83 13 04 13 e6 e7 00 0f 
40 00 00 00 00 01 01 02 03 09 06 01 00 01 07 00 ff 06 00 00 00 c1 02 02 0f 00 16 1b 60 f9 7e 7e a0 2a 41 08 83 13 04 13 
e6 e7 00 0f 40 00 00 00 00 01 01 02 03 09 06 01 00 01 07 00 ff 06 00 00 00 b3 02 02 0f 00 16 1b 97 df 7e 7e a1 1e 41 08 
83 13 ee ee e6 e7 00 0f 40 00 00 00 00 01 0d 02 02 09 06 01 01 00 02 81 ff 0a 0b 41 49 44 4f 4e 5f 56 30 30 30 31 02 02 
09 06 00 00 60 01 00 ff 0a 10 37 33 35 39 39 39 32 39 32 35 31 37 35 30 33 36 02 02 09 06 00 00 60 01 07 ff 0a 04 36 35 
35 30 02 03 09 06 01 00 01 07 00 ff 06 00 00 00 b3 02 02 0f 00 16 1b 02 03 09 06 01 00 02 07 00 ff 06 00 00 00 00 02 02 
0f 00 16 1b 02 03 09 06 01 00 03 07 00 ff 06 00 00 00 00 02 02 0f 00 16 1d 02 03 09 06 01 00 04 07 00 ff 06 00 00 00 58 
02 02 0f 00 16 1d 02 03 09 06 01 00 1f 07 00 ff 10 00 03 02 02 0f ff 16 21 02 03 09 06 01 00 33 07 00 ff 10 00 02 02 02 
0f ff 16 21 02 03 09 06 01 00 47 07 00 ff 10 00 01 02 02 0f ff 16 21 02 03 09 06 01 00 20 07 00 ff 12 09 22 02 02 0f ff 
16 23 02 03 09 06 01 00 34 07 00 ff 12 09 25 02 02 0f ff 16 23 02 03 09 06 01 00 48 07 00 ff 12 09 28 02 02 0f ff 16 23 
4d 30 7e 7e a0 2a 41 08 83 13 04 13 e6 e7 00 0f 40 00 00 00 00 01 01 02 03 09 06 01 00 01 07 00 ff 06 00 00 00 b6 02 02 
0f 00 16 1b 34 2f 7e 7e a0 2a 41 08 83 13 04 13 e6 e7 00 0f 40 00 00 00 00 01 01 02 03 09 06 01 00 01 07 00 ff 06 00 00 
00 b0 02 02 0f 00 16 1b f9 77 7e 7e a0 2a 41 08 83 13 04 13 e6 e7 00 0f 40 00 00 00 00 01 01 02 03 09 06 01 00 01 07 00 
ff 06 00 00 00 b0 02 02 0f 00 16 1b f9 77 7e 7e a1 1e 41 08 83 13 ee ee e6 e7 00 0f 40 00 00 00 00 01 0d 02 02 09 06 01 
01 00 02 81 ff 0a 0b 41 49 44 4f 4e 5f 56 30 30 30 31 02 02 09 06 00 00 60 01 00 ff 0a 10 37 33 35 39 39 39 32 39 32 35 
31 37 35 30 33 36 02 02 09 06 00 00 60 01 07 ff 0a 04 36 35 35 30 02 03 09 06 01 00 01 07 00 ff 06 00 00 00 a7 02 02 0f 
00 16 1b 02 03 09 06 01 00 02 07 00 ff 06 00 00 00 00 02 02 0f 00 16 1b 02 03 09 06 01 00 03 07 00 ff 06 00 00 00 00 02 
02 0f 00 16 1d 02 03 09 06 01 00 04 07 00 ff 06 00 00 00 5a 02 02 0f 00 16 1d 02 03 09 06 01 00 1f 07 00 ff 10 00 03 02 
02 0f ff 16 21 02 03 09 06 01 00 33 07 00 ff 10 00 03 02 02 0f ff 16 21 02 03 09 06 01 00 47 07 00 ff 10 00 01 02 02 0f 
ff 16 21 02 03 09 06 01 00 20 07 00 ff 12 09 21 02 02 0f ff 16 23 02 03 09 06 01 00 34 07 00 ff 12 09 25 02 02 0f ff 16 
23 02 03 09 06 01 00 48 07 00 ff 12 09 27 02 02 0f ff 16 23 b8 71 7e 7e a0 2a 41 08 83 13 04 13 e6 e7 00 0f 40 00 00 00 
00 01 01 02 03 09 06 01 00 01 07 00 ff 06 00 00 00 a2 02 02 0f 00 16 1b 8b f5 7e 7e a0 2a 41 08 83 13 04 13 e6 e7 00 0f 
40 00 00 00 00 01 01 02 03 09 06 01 00 01 07 00 ff 06 00 00 00 9c 02 02 0f 00 16 1b e0 a5 7e 7e a0 2a 41 08 83 13 04 13 
e6 e7 00 0f 40 00 00 00 00 01 01 02 03 09 06 01 00 01 07 00 ff 06 00 00 00 97 02 02 0f 00 16 1b 62 d3 7e 7e a1 1e 41 08 
83 13 ee ee e6 e7 00 0f 40 00 00 00 00 01 0d 02 02 09 06 01 01 00 02 81 ff 0a 0b 41 49 44 4f 4e 5f 56 30 30 30 31 02 02 
09 06 00 00 60 01 00 ff 0a 10 37 33 35 39 39 39 32 39 32 35 31 37 35 30 33 36 02 02 09 06 00 00 60 01 07 ff 0a 04 36 35 
35 30 02 03 09 06 01 00 01 07 00 ff 06 00 00 00 97 02 02 0f 00 16 1b 02 03 09 06 01 00 02 07 00 ff 06 00 00 00 00 02 02 
0f 00 16 1b 02 03 09 06 01 00 03 07 00 ff 06 00 00 00 00 02 02 0f 00 16 1d 02 03 09 06 01 00 04 07 00 ff 06 00 00 00 5a 
02 02 0f 00 16 1d 02 03 09 06 01 00 1f 07 00 ff 10 00 03 02 02 0f ff 16 21 02 03 09 06 01 00 33 07 00 ff 10 00 02 02 02 
0f ff 16 21 02 03 09 06 01 00 47 07 00 ff 10 00 01 02 02 0f ff 16 21 02 03 09 06 01 00 20 07 00 ff 12 09 22 02 02 0f ff 
16 23 02 03 09 06 01 00 34 07 00 ff 12 09 26 02 02 0f ff 16 23 02 03 09 06 01 00 48 07 00 ff 12 09 28 02 02 0f ff 16 23 
90 25 7e 7e a0 2a 41 08 83 13 04 13 e6 e7 00 0f 40 00 00 00 00 01 01 02 03 09 06 01 00 01 07 00 ff 06 00 00 00 93 02 02 
0f 00 16 1b 14 bc 7e 7e a0 2a 41 08 83 13 04 13 e6 e7 00 0f 40 00 00 00 00 01 01 02 03 09 06 01 00 01 07 00 ff 06 00 00 
00 8f 02 02 0f 00 16 1b 47 b8 7e 7e a0 2a 41 08 83 13 04 13 e6 e7 00 0f 40 00 00 00 00 01 01 02 03 09 06 01 00 01 07 00 
ff 06 00 00 00 8c 02 02 0f 00 16 1b 29 10 7e 7e a1 1e 41 08 83 13 ee ee e6 e7 00 0f 40 00 00 00 00 01 0d 02 02 09 06 01 
01 00 02 81 ff 0a 0b 41 49 44 4f 4e 5f 56 30 30 30 31 02 02 09 06 00 00 60 01 00 ff 0a 10 37 33 35 39 39 39 32 39 32 35 
31 37 35 30 33 36 02 02 09 06 00 00 60 01 07 ff 0a 04 36 35 35 30 02 03 09 06 01 00 01 07 00 ff 06 00 00 00 89 02 02 0f 
00 16 1b 02 03 09 06 01 00 02 07 00 ff 06 00 00 00 00 02 02 0f 00 16 1b 02 03 09 06 01 00 03 07 00 ff 06 00 00 00 00 02 
02 0f 00 16 1d 02 03 09 06 01 00 04 07 00 ff 06 00 00 00 5a 02 02 0f 00 16 1d 02 03 09 06 01 00 1f 07 00 ff 10 00 03 02 
02 0f ff 16 21 02 03 09 06 01 00 33 07 00 ff 10 00 02 02 02 0f ff 16 21 02 03 09 06 01 00 47 07 00 ff 10 00 01 02 02 0f 
ff 16 21 02 03 09 06 01 00 20 07 00 ff 12 09 21 02 02 0f ff 16 23 02 03 09 06 01 00 34 07 00 ff 12 09 26 02 02 0f ff 16 
23 02 03 09 06 01 00 48 07 00 ff 12 09 28 02 02 0f ff 16 23 81 92 7e 7e a0 2a 41 08 83 13 04 13 e6 e7 00 0f 40 00 00 00 
00 01 01 02 03 09 06 01 00 01 07 00 ff 06 00 00 00 8a 02 02 0f 00 16 1b e4 48 7e 7e a0 2a 41 08 83 13 04 13 e6 e7 00 0f 
40 00 00 00 00 01 01 02 03 09 06 01 00 01 07 00 ff 06 00 00 00 82 02 02 0f 00 16 1b 08 96 7e 7e a0 2a 41 08 83 13 04 13 
e6 e7 00 0f 40 00 00 00 00 01 01 02 03 09 06 01 00 01 07 00 ff 06 00 00 00 82 02 02 0f 00 16 1b 08 96 7e 7e a1 1e 41 08 
83 13 ee ee e6 e7 00 0f 40 00 00 00 00 01 0d 02 02 09 06 01 01 00 02 81 ff 0a 0b 41 49 44 4f 4e 5f 56 30 30 30 31 02 02 
09 06 00 00 60 01 00 ff 0a 10 37 33 35 39 39 39 32 39 32 35 31 37 35 30 33 36 02 02 09 06 00 00 60 01 07 ff 0a 04 36 35 
35 30 02 03 09 06 01 00 01 07 00 ff 06 00 00 00 7f 02 02 0f 00 16 1b 02 03 09 06 01 00 02 07 00 ff 06 00 00 00 00 02 02 
0f 00 16 1b 02 03 09 06 01 00 03 07 00 ff 06 00 00 00 00 02 02 0f 00 16 1d 02 03 09 06 01 00 04 07 00 ff 06 00 00 00 5a 
02 02 0f 00 16 1d 02 03 09 06 01 00 1f 07 00 ff 10 00 03 02 02 0f ff 16 21 02 03 09 06 01 00 33 07 00 ff 10 00 02 02 02 
0f ff 16 21 02 03 09 06 01 00 47 07 00 ff 10 00 01 02 02 0f ff 16 21 02 03 09 06 01 00 20 07 00 ff 12 09 21 02 02 0f ff 
16 23 02 03 09 06 01 00 34 07 00 ff 12 09 25 02 02 0f ff 16 23 02 03 09 06 01 00 48 07 00 ff 12 09 28 02 02 0f ff 16 23 
14 51 7e 7e a0 2a 41 08 83 13 04 13 e6 e7 00 0f 40 00 00 00 00 01 01 02 03 09 06 01 00 01 07 00 ff 06 00 00 00 82 02 02 
0f 00 16 1b 08 96 7e 7e a0 2a 41 08 83 13 04 13 e6 e7 00 0f 40 00 00 00 00 01 01 02 03 09 06 01 00 01 07 00 ff 06 00 00 
00 7a 02 02 0f 00 16 1b b5 df 7e 7e a0 2a 41 08 83 13 04 13 e6 e7 00 0f 40 00 00 00 00 01 01 02 03 09 06 01 00 01 07 00 
ff 06 00 00 00 7d 02 02 0f 00 16 1b ad 18 7e 7e a1 1e 41 08 83 13 ee ee e6 e7 00 0f 40 00 00 00 00 01 0d 02 02 09 06 01 
01 00 02 81 ff 0a 0b 41 49 44 4f 4e 5f 56 30 30 30 31 02 02 09 06 00 00 60 01 00 ff 0a 10 37 33 35 39 39 39 32 39 32 35 
31 37 35 30 33 36 02 02 09 06 00 00 60 01 07 ff 0a 04 36 35 35 30 02 03 09 06 01 00 01 07 00 ff 06 00 00 00 7d 02 02 0f 
00 16 1b 02 03 09 06 01 00 02 07 00 ff 06 00 00 00 00 02 02 0f 00 16 1b 02 03 09 06 01 00 03 07 00 ff 06 00 00 00 00 02 
02 0f 00 16 1d 02 03 09 06 01 00 04 07 00 ff 06 00 00 00 5b 02 02 0f 00 16 1d 02 03 09 06 01 00 1f 07 00 ff 10 00 03 02 
02 0f ff 16 21 02 03 09 06 01 00 33 07 00 ff 10 00 02 02 02 0f ff 16 21 02 03 09 06 01 00 47 07 00 ff 10 00 01 02 02 0f 
ff 16 21 02 03 09 06 01 00 20 07 00 ff 12 09 20 02 02 0f ff 16 23 02 03 09 06 01 00 34 07 00 ff 12 09 25 02 02 0f ff 16 
23 02 03 09 06 01 00 48 07 00 ff 12 09 27 02 02 0f ff 16 23 e0 9e 7e 7e a0 2a 41 08 83 13 04 13 e6 e7 00 0f 40 00 00 00 
00 01 01 02 03 09 06 01 00 01 07 00 ff 06 00 00 00 78 02 02 0f 00 16 1b 0e e8 7e 7e a0 2a 41 08 83 13 04 13 e6 e7 00 0f 
40 00 00 00 00 01 01 02 03 09 06 01 00 01 07 00 ff 06 00 00 00 74 02 02 0f 00 16 1b 94 59 7e 7e a0 2a 41 08 83 13 04 13 
e6 e7 00 0f 40 00 00 00 00 01 01 02 03 09 06 01 00 01 07 00 ff 06 00 00 00 6d 02 02 0f 00 16 1b 64 ad 7e 7e a1 1e 41 08 
83 13 ee ee e6 e7 00 0f 40 00 00 00 00 01 0d 02 02 09 06 01 01 00 02 81 ff 0a 0b 41 49 44 4f 4e 5f 56 30 30 30 31 02 02 
09 06 00 00 60 01 00 ff 0a 10 37 33 35 39 39 39 32 39 32 35 31 37 35 30 33 36 02 02 09 06 00 00 60 01 07 ff 0a 04 36 35 
35 30 02 03 09 06 01 00 01 07 00 ff 06 00 00 00 6a 02 02 0f 00 16 1b 02 03 09 06 01 00 02 07 00 ff 06 00 00 00 00 02 02 
0f 00 16 1b 02 03 09 06 01 00 03 07 00 ff 06 00 00 00 00 02 02 0f 00 16 1d 02 03 09 06 01 00 04 07 00 ff 06 00 00 00 5b 
02 02 0f 00 16 1d 02 03 09 06 01 00 1f 07 00 ff 10 00 02 02 02 0f ff 16 21 02 03 09 06 01 00 33 07 00 ff 10 00 02 02 02 
0f ff 16 21 02 03 09 06 01 00 47 07 00 ff 10 00 01 02 02 0f ff 16 21 02 03 09 06 01 00 20 07 00 ff 12 09 21 02 02 0f ff 
16 23 02 03 09 06 01 00 34 07 00 ff 12 09 26 02 02 0f ff 16 23 02 03 09 06 01 00 48 07 00 ff 12 09 28 02 02 0f ff 16 23 
8e 77 7e 7e a0 2a 41 08 83 13 04 13 e6 e7 00 0f 40 00 00 00 00 01 01 02 03 09 06 01 00 01 07 00 ff 06 00 00 00 6a 02 02 
0f 00 16 1b 7c 6a 7e 7e a0 2a 41 08 83 13 04 13 e6 e7 00 0f 40 00 00 00 00 01 01 02 03 09 06 01 00 01 07 00 ff 06 00 00 
00 69 02 02 0f 00 16 1b 12 c2 7e 7e a0 2a 41 08 83 13 04 13 e6 e7 00 0f 40 00 00 00 00 01 01 02 03 09 06 01 00 01 07 00 
ff 06 00 00 00 66 02 02 0f 00 16 1b e6 db 7e 7e a1 1e 41 08 83 13 ee ee e6 e7 00 0f 40 00 00 00 00 01 0d 02 02 09 06 01 
01 00 02 81 ff 0a 0b 41 49 44 4f 4e 5f 56 30 30 30 31 02 02 09 06 00 00 60 01 00 ff 0a 10 37 33 35 39 39 39 32 39 32 35 
31 37 35 30 33 36 02 02 09 06 00 00 60 01 07 ff 0a 04 36 35 35 30 02 03 09 06 01 00 01 07 00 ff 06 00 00 00 64 02 02 0f 
00 16 1b 02 03 09 06 01 00 02 07 00 ff 06 00 00 00 00 02 02 0f 00 16 1b 02 03 09 06 01 00 03 07 00 ff 06 00 00 00 00 02 
02 0f 00 16 1d 02 03 09 06 01 00 04 07 00 ff 06 00 00 00 59 02 02 0f 00 16 1d 02 03 09 06 01 00 1f 07 00 ff 10 00 02 02 
02 0f ff 16 21 02 03 09 06 01 00 33 07 00 ff 10 00 02 02 02 0f ff 16 21 02 03 09 06 01 00 47 07 00 ff 10 00 01 02 02 0f 
ff 16 21 02 03 09 06 01 00 20 07 00 ff 12 09 22 02 02 0f ff 16 23 02 03 09 06 01 00 34 07 00 ff 12 09 26 02 02 0f ff 16 
23 02 03 09 06 01 00 48 07 00 ff 12 09 29 02 02 0f ff 16 23 45 21 7e 7e a0 2a 41 08 83 13 04 13 e6 e7 00 0f 40 00 00 00 
00 01 01 02 03 09 06 01 00 01 07 00 ff 06 00 00 00 61 02 02 0f 00 16 1b fe 1c 7e 7e a0 2a 41 08 83 13 04 13 e6 e7 00 0f 
40 00 00 00 00 01 01 02 03 09 06 01 00 01 07 00 ff 06 00 00 00 5c 02 02 0f 00 16 1b fb e4 7e 7e a0 2a 41 08 83 13 04 13 
e6 e7 00 0f 40 00 00 00 00 01 01 02 03 09 06 01 00 01 07 00 ff 06 00 00 00 59 02 02 0f 00 16 1b 58 14 7e 7e a1 1e 41 08 
83 13 ee ee e6 e7 00 0f 40 00 00 00 00 01 0d 02 02 09 06 01 01 00 02 81 ff 0a 0b 41 49 44 4f 4e 5f 56 30 30 30 31 02 02 
09 06 00 00 60 01 00 ff 0a 10 37 33 35 39 39 39 32 39 32 35 31 37 35 30 33 36 02 02 09 06 00 00 60 01 07 ff 0a 04 36 35 
35 30 02 03 09 06 01 00 01 07 00 ff 06 00 00 00 55 02 02 0f 00 16 1b 02 03 09 06 01 00 02 07 00 ff 06 00 00 00 00 02 02 
0f 00 16 1b 02 03 09 06 01 00 03 07 00 ff 06 00 00 00 00 02 02 0f 00 16 1d 02 03 09 06 01 00 04 07 00 ff 06 00 00 00 5b 
02 02 0f 00 16 1d 02 03 09 06 01 00 1f 07 00 ff 10 00 02 02 02 0f ff 16 21 02 03 09 06 01 00 33 07 00 ff 10 00 01 02 02 
0f ff 16 21 02 03 09 06 01 00 47 07 00 ff 10 00 01 02 02 0f ff 16 21 02 03 09 06 01 00 20 07 00 ff 12 09 25 02 02 0f ff 
16 23 02 03 09 06 01 00 34 07 00 ff 12 09 2a 02 02 0f ff 16 23 02 03 09 06 01 00 48 07 00 ff 12 09 2c 02 02 0f ff 16 23 
43 97 7e 7e a0 2a 41 08 83 13 04 13 e6 e7 00 0f 40 00 00 00 00 01 01 02 03 09 06 01 00 01 07 00 ff 06 00 00 00 53 02 02 
0f 00 16 1b 0f fd 7e 7e a0 2a 41 08 83 13 04 13 e6 e7 00 0f 40 00 00 00 00 01 01 02 03 09 06 01 00 01 07 00 ff 06 00 00 
00 50 02 02 0f 00 16 1b 61 55 7e 7e a0 2a 41 08 83 13 04 13 e6 e7 00 0f 40 00 00 00 00 01 01 02 03 09 06 01 00 01 07 00 
ff 06 00 00 00 4d 02 02 0f 00 16 1b e7 ce 7e 7e a1 1e 41 08 83 13 ee ee e6 e7 00 0f 40 00 00 00 00 01 0d 02 02 09 06 01 
01 00 02 81 ff 0a 0b 41 49 44 4f 4e 5f 56 30 30 30 31 02 02 09 06 00 00 60 01 00 ff 0a 10 37 33 35 39 39 39 32 39 32 35 
31 37 35 30 33 36 02 02 09 06 00 00 60 01 07 ff 0a 04 36 35 35 30 02 03 09 06 01 00 01 07 00 ff 06 00 00 00 4b 02 02 0f 
00 16 1b 02 03 09 06 01 00 02 07 00 ff 06 00 00 00 00 02 02 0f 00 16 1b 02 03 09 06 01 00 03 07 00 ff 06 00 00 00 00 02 
02 0f 00 16 1d 02 03 09 06 01 00 04 07 00 ff 06 00 00 00 58 02 02 0f 00 16 1d 02 03 09 06 01 00 1f 07 00 ff 10 00 02 02 
02 0f ff 16 21 02 03 09 06 01 00 33 07 00 ff 10 00 01 02 02 0f ff 16 21 02 03 09 06 01 00 47 07 00 ff 10 00 01 02 02 0f 
ff 16 21 02 03 09 06 01 00 20 07 00 ff 12 09 21 02 02 0f ff 16 23 02 03 09 06 01 00 34 07 00 ff 12 09 27 02 02 0f ff 16 
23 02 03 09 06 01 00 48 07 00 ff 12 09 29 02 02 0f ff 16 23 2a 0e 7e 7e a0 2a 41 08 83 13 04 13 e6 e7 00 0f 40 00 00 00 
00 01 01 02 03 09 06 01 00 01 07 00 ff 06 00 00 00 46 02 02 0f 00 16 1b 65 b8 7e 7e a0 2a 41 08 83 13 04 13 e6 e7 00 0f 
40 00 00 00 00 01 01 02 03 09 06 01 00 01 07 00 ff 06 00 00 00 47 02 02 0f 00 16 1b b0 27 7e 7e a0 2a 41 08 83 13 04 13 
e6 e7 00 0f 40 00 00 00 00 01 01 02 03 09 06 01 00 01 07 00 ff 06 00 00 00 47 02 02 0f 00 16 1b b0 27 7e 7e a1 1e 41 08 
83 13 ee ee e6 e7 00 0f 40 00 00 00 00 01 0d 02 02 09 06 01 01 00 02 81 ff 0a 0b 41 49 44 4f 4e 5f 56 30 30 30 31 02 02 
09 06 00 00 60 01 00 ff 0a 10 37 33 35 39 39 39 32 39 32 35 31 37 35 30 33 36 02 02 09 06 00 00 60 01 07 ff 0a 04 36 35 
35 30 02 03 09 06 01 00 01 07 00 ff 06 00 00 00 47 02 02 0f 00 16 1b 02 03 09 06 01 00 02 07 00 ff 06 00 00 00 00 02 02 
0f 00 16 1b 02 03 09 06 01 00 03 07 00 ff 06 00 00 00 00 02 02 0f 00 16 1d 02 03 09 06 01 00 04 07 00 ff 06 00 00 00 57 
02 02 0f 00 16 1d 02 03 09 06 01 00 1f 07 00 ff 10 00 02 02 02 0f ff 16 21 02 03 09 06 01 00 33 07 00 ff 10 00 01 02 02 
0f ff 16 21 02 03 09 06 01 00 47 07 00 ff 10 00 01 02 02 0f ff 16 21 02 03 09 06 01 00 20 07 00 ff 12 09 24 02 02 0f ff 
16 23 02 03 09 06 01 00 34 07 00 ff 12 09 29 02 02 0f ff 16 23 02 03 09 06 01 00 48 07 00 ff 12 09 2b 02 02 0f ff 16 23 
c5 c3 7e 7e a0 2a 41 08 83 13 04 13 e6 e7 00 0f 40 00 00 00 00 01 01 02 03 09 06 01 00 01 07 00 ff 06 00 00 00 47 02 02 
0f 00 16 1b b0 27 7e 7e a0 2a 41 08 83 13 04 13 e6 e7 00 0f 40 00 00 00 00 01 01 02 03 09 06 01 00 01 07 00 ff 06 00 00 
00 46 02 02 0f 00 16 1b 65 b8 7e 7e a0 2a 41 08 83 13 04 13 e6 e7 00 0f 40 00 00 00 00 01 01 02 03 09 06 01 00 01 07 00 
ff 06 00 00 00 41 02 02 0f 00 16 1b 7d 7f 7e 7e a1 1e 41 08 83 13 ee ee e6 e7 00 0f 40 00 00 00 00 01 0d 02 02 09 06 01 
01 00 02 81 ff 0a 0b 41 49 44 4f 4e 5f 56 30 30 30 31 02 02 09 06 00 00 60 01 00 ff 0a 10 37 33 35 39 39 39 32 39 32 35 
31 37 35 30 33 36 02 02 09 06 00 00 60 01 07 ff 0a 04 36 35 35 30 02 03 09 06 01 00 01 07 00 ff 06 00 00 00 41 02 02 0f 
00 16 1b 02 03 09 06 01 00 02 07 00 ff 06 00 00 00 00 02 02 0f 00 16 1b 02 03 09 06 01 00 03 07 00 ff 06 00 00 00 00 02 
02 0f 00 16 1d 02 03 09 06 01 00 04 07 00 ff 06 00 00 00 58 02 02 0f 00 16 1d 02 03 09 06 01 00 1f 07 00 ff 10 00 02 02 
02 0f ff 16 21 02 03 09 06 01 00 33 07 00 ff 10 00 01 02 02 0f ff 16 21 02 03 09 06 01 00 47 07 00 ff 10 ff ff 02 02 0f 
ff 16 21 02 03 09 06 01 00 20 07 00 ff 12 09 23 02 02 0f ff 16 23 02 03 09 06 01 00 34 07 00 ff 12 09 28 02 02 0f ff 16 
23 02 03 09 06 01 00 48 07 00 ff 12 09 2a 02 02 0f ff 16 23 d1 f6 7e 7e a0 2a 41 08 83 13 04 13 e6 e7 00 0f 40 00 00 00 
00 01 01 02 03 09 06 01 00 01 07 00 ff 06 00 00 00 46 02 02 0f 00 16 1b 65 b8 7e 7e a0 2a 41 08 83 13 04 13 e6 e7 00 0f 
40 00 00 00 00 01 01 02 03 09 06 01 00 01 07 00 ff 06 00 00 00 49 02 02 0f 00 16 1b 91 a1 7e 7e a0 2a 41 08 83 13 04 13 
e6 e7 00 0f 40 00 00 00 00 01 01 02 03 09 06 01 00 01 07 00 ff 06 00 00 00 46 02 02 0f 00 16 1b 65 b8 7e 7e a1 1e 41 08 
83 13 ee ee e6 e7 00 0f 40 00 00 00 00 01 0d 02 02 09 06 01 01 00 02 81 ff 0a 0b 41 49 44 4f 4e 5f 56 30 30 30 31 02 02 
09 06 00 00 60 01 00 ff 0a 10 37 33 35 39 39 39 32 39 32 35 31 37 35 30 33 36 02 02 09 06 00 00 60 01 07 ff 0a 04 36 35 
35 30 02 03 09 06 01 00 01 07 00 ff 06 00 00 00 3e 02 02 0f 00 16 1b 02 03 09 06 01 00 02 07 00 ff 06 00 00 00 00 02 02 
0f 00 16 1b 02 03 09 06 01 00 03 07 00 ff 06 00 00 00 00 02 02 0f 00 16 1d 02 03 09 06 01 00 04 07 00 ff 06 00 00 00 58 
02 02 0f 00 16 1d 02 03 09 06 01 00 1f 07 00 ff 10 00 02 02 02 0f ff 16 21 02 03 09 06 01 00 33 07 00 ff 10 00 01 02 02 
0f ff 16 21 02 03 09 06 01 00 47 07 00 ff 10 ff ff 02 02 0f ff 16 21 02 03 09 06 01 00 20 07 00 ff 12 09 23 02 02 0f ff 
16 23 02 03 09 06 01 00 34 07 00 ff 12 09 28 02 02 0f ff 16 23 02 03 09 06 01 00 48 07 00 ff 12 09 2a 02 02 0f ff 16 23 
a6 cb 7e 7e a0 2a 41 08 83 13 04 13 e6 e7 00 0f 40 00 00 00 00 01 01 02 03 09 06 01 00 01 07 00 ff 06 00 00 00 3f 02 02 
0f 00 16 1b 10 e8 7e 7e a0 2a 41 08 83 13 04 13 e6 e7 00 0f 40 00 00 00 00 01 01 02 03 09 06 01 00 01 07 00 ff 06 00 00 
00 3d 02 02 0f 00 16 1b ab df 7e 7e a0 2a 41 08 83 13 04 13 e6 e7 00 0f 40 00 00 00 00 01 01 02 03 09 06 01 00 01 07 00 
ff 06 00 00 00 3d 02 02 0f 00 16 1b ab df 7e 7e a1 1e 41 08 83 13 ee ee e6 e7 00 0f 40 00 00 00 00 01 0d 02 02 09 06 01 
01 00 02 81 ff 0a 0b 41 49 44 4f 4e 5f 56 30 30 30 31 02 02 09 06 00 00 60 01 00 ff 0a 10 37 33 35 39 39 39 32 39 32 35 
31 37 35 30 33 36 02 02 09 06 00 00 60 01 07 ff 0a 04 36 35 35 30 02 03 09 06 01 00 01 07 00 ff 06 00 00 00 3c 02 02 0f 
00 16 1b 02 03 09 06 01 00 02 07 00 ff 06 00 00 00 00 02 02 0f 00 16 1b 02 03 09 06 01 00 03 07 00 ff 06 00 00 00 00 02 
02 0f 00 16 1d 02 03 09 06 01 00 04 07 00 ff 06 00 00 00 5b 02 02 0f 00 16 1d 02 03 09 06 01 00 1f 07 00 ff 10 00 02 02 
02 0f ff 16 21 02 03 09 06 01 00 33 07 00 ff 10 00 01 02 02 0f ff 16 21 02 03 09 06 01 00 47 07 00 ff 10 ff ff 02 02 0f 
ff 16 21 02 03 09 06 01 00 20 07 00 ff 12 09 24 02 02 0f ff 16 23 02 03 09 06 01 00 34 07 00 ff 12 09 29 02 02 0f ff 16 
23 02 03 09 06 01 00 48 07 00 ff 12 09 2b 02 02 0f ff 16 23 93 40 7e 7e a0 2a 41 08 83 13 04 13 e6 e7 00 0f 40 00 00 00 
00 01 01 02 03 09 06 01 00 01 07 00 ff 06 00 00 00 37 02 02 0f 00 16 1b fc 36 7e 7e a0 2a 41 08 83 13 04 13 e6 e7 00 0f 
40 00 00 00 00 01 01 02 03 09 06 01 00 01 07 00 ff 06 00 00 00 2e 02 02 0f 00 16 1b 0c c2 7e 7e a0 2a 41 08 83 13 04 13 
e6 e7 00 0f 40 00 00 00 00 01 01 02 03 09 06 01 00 01 07 00 ff 06 00 00 00 2c 02 02 0f 00 16 1b b7 f5 7e 7e a1 1e 41 08 
83 13 ee ee e6 e7 00 0f 40 00 00 00 00 01 0d 02 02 09 06 01 01 00 02 81 ff 0a 0b 41 49 44 4f 4e 5f 56 30 30 30 31 02 02 
09 06 00 00 60 01 00 ff 0a 10 37 33 35 39 39 39 32 39 32 35 31 37 35 30 33 36 02 02 09 06 00 00 60 01 07 ff 0a 04 36 35 
35 30 02 03 09 06 01 00 01 07 00 ff 06 00 00 00 2c 02 02 0f 00 16 1b 02 03 09 06 01 00 02 07 00 ff 06 00 00 00 00 02 02 
0f 00 16 1b 02 03 09 06 01 00 03 07 00 ff 06 00 00 00 00 02 02 0f 00 16 1d 02 03 09 06 01 00 04 07 00 ff 06 00 00 00 58 
02 02 0f 00 16 1d 02 03 09 06 01 00 1f 07 00 ff 10 00 01 02 02 0f ff 16 21 02 03 09 06 01 00 33 07 00 ff 10 00 01 02 02 
0f ff 16 21 02 03 09 06 01 00 47 07 00 ff 10 ff ff 02 02 0f ff 16 21 02 03 09 06 01 00 20 07 00 ff 12 09 29 02 02 0f ff 
16 23 02 03 09 06 01 00 34 07 00 ff 12 09 2e 02 02 0f ff 16 23 02 03 09 06 01 00 48 07 00 ff 12 09 30 02 02 0f ff 16 23 
2c d9 7e 7e a0 2a 41 08 83 13 04 13 e6 e7 00 0f 40 00 00 00 00 01 01 02 03 09 06 01 00 01 07 00 ff 06 00 00 00 30 02 02 
0f 00 16 1b e4 f1 7e 7e a0 2a 41 08 83 13 04 13 e6 e7 00 0f 40 00 00 00 00 01 01 02 03 09 06 01 00 01 07 00 ff 06 00 00 
00 24 02 02 0f 00 16 1b 5b 2b 7e 7e a0 2a 41 08 83 13 04 13 e6 e7 00 0f 40 00 00 00 00 01 01 02 03 09 06 01 00 01 07 00 
ff 06 00 00 00 23 02 02 0f 00 16 1b 43 ec 7e 7e a1 1e 41 08 83 13 ee ee e6 e7 00 0f 40 00 00 00 00 01 0d 02 02 09 06 01 
01 00 02 81 ff 0a 0b 41 49 44 4f 4e 5f 56 30 30 30 31 02 02 09 06 00 00 60 01 00 ff 0a 10 37 33 35 39 39 39 32 39 32 35 
31 37 35 30 33 36 02 02 09 06 00 00 60 01 07 ff 0a 04 36 35 35 30 02 03 09 06 01 00 01 07 00 ff 06 00 00 00 2b 02 02 0f 
00 16 1b 02 03 09 06 01 00 02 07 00 ff 06 00 00 00 00 02 02 0f 00 16 1b 02 03 09 06 01 00 03 07 00 ff 06 00 00 00 00 02 
02 0f 00 16 1d 02 03 09 06 01 00 04 07 00 ff 06 00 00 00 56 02 02 0f 00 16 1d 02 03 09 06 01 00 1f 07 00 ff 10 00 01 02 
02 0f ff 16 21 02 03 09 06 01 00 33 07 00 ff 10 00 01 02 02 0f ff 16 21 02 03 09 06 01 00 47 07 00 ff 10 ff ff 02 02 0f 
ff 16 21 02 03 09 06 01 00 20 07 00 ff 12 09 25 02 02 0f ff 16 23 02 03 09 06 01 00 34 07 00 ff 12 09 2b 02 02 0f ff 16 
23 02 03 09 06 01 00 48 07 00 ff 12 09 2d 02 02 0f ff 16 23 7d 6a 7e 7e a0 2a 41 08 83 13 04 13 e6 e7 00 0f 40 00 00 00 
00 01 01 02 03 09 06 01 00 01 07 00 ff 06 00 00 00 2b 02 02 0f 00 16 1b af 32 7e 7e a0 2a 41 08 83 13 04 13 e6 e7 00 0f 
40 00 00 00 00 01 01 02 03 09 06 01 00 01 07 00 ff 06 00 00 00 21 02 02 0f 00 16 1b f8 db 7e 7e a0 2a 41 08 83 13 04 13 
e6 e7 00 0f 40 00 00 00 00 01 01 02 03 09 06 01 00 01 07 00 ff 06 00 00 00 1f 02 02 0f 00 16 1b 93 8b 7e 7e a1 1e 41 08 
83 13 ee ee e6 e7 00 0f 40 00 00 00 00 01 0d 02 02 09 06 01 01 00 02 81 ff 0a 0b 41 49 44 4f 4e 5f 56 30 30 30 31 02 02 
09 06 00 00 60 01 00 ff 0a 10 37 33 35 39 39 39 32 39 32 35 31 37 35 30 33 36 02 02 09 06 00 00 60 01 07 ff 0a 04 36 35 
35 30 02 03 09 06 01 00 01 07 00 ff 06 00 00 00 23 02 02 0f 00 16 1b 02 03 09 06 01 00 02 07 00 ff 06 00 00 00 00 02 02 
0f 00 16 1b 02 03 09 06 01 00 03 07 00 ff 06 00 00 00 00 02 02 0f 00 16 1d 02 03 09 06 01 00 04 07 00 ff 06 00 00 00 57 
02 02 0f 00 16 1d 02 03 09 06 01 00 1f 07 00 ff 10 00 01 02 02 0f ff 16 21 02 03 09 06 01 00 33 07 00 ff 10 00 01 02 02 
0f ff 16 21 02 03 09 06 01 00 47 07 00 ff 10 ff ff 02 02 0f ff 16 21 02 03 09 06 01 00 20 07 00 ff 12 09 25 02 02 0f ff 
16 23 02 03 09 06 01 00 34 07 00 ff 12 09 2a 02 02 0f ff 16 23 02 03 09 06 01 00 48 07 00 ff 12 09 2c 02 02 0f ff 16 23 
f7 83 7e 7e a0 2a 41 08 83 13 04 13 e6 e7 00 0f 40 00 00 00 00 01 01 02 03 09 06 01 00 01 07 00 ff 06 00 00 00 20 02 02 
0f 00 16 1b 2d 44 7e 7e a0 2a 41 08 83 13 04 13 e6 e7 00 0f 40 00 00 00 00 01 01 02 03 09 06 01 00 01 07 00 ff 06 00 00 
00 23 02 02 0f 00 16 1b 43 ec 7e 7e a0 2a 41 08 83 13 04 13 e6 e7 00 0f 40 00 00 00 00 01 01 02 03 09 06 01 00 01 07 00 
ff 06 00 00 00 1e 02 02 0f 00 16 1b 46 14 7e 7e a1 1e 41 08 83 13 ee ee e6 e7 00 0f 40 00 00 00 00 01 0d 02 02 09 06 01 
01 00 02 81 ff 0a 0b 41 49 44 4f 4e 5f 56 30 30 30 31 02 02 09 06 00 00 60 01 00 ff 0a 10 37 33 35 39 39 39 32 39 32 35 
31 37 35 30 33 36 02 02 09 06 00 00 60 01 07 ff 0a 04 36 35 35 30 02 03 09 06 01 00 01 07 00 ff 06 00 00 00 1e 02 02 0f 
00 16 1b 02 03 09 06 01 00 02 07 00 ff 06 00 00 00 00 02 02 0f 00 16 1b 02 03 09 06 01 00 03 07 00 ff 06 00 00 00 00 02 
02 0f 00 16 1d 02 03 09 06 01 00 04 07 00 ff 06 00 00 00 59 02 02 0f 00 16 1d 02 03 09 06 01 00 1f 07 00 ff 10 00 01 02 
02 0f ff 16 21 02 03 09 06 01 00 33 07 00 ff 10 00 01 02 02 0f ff 16 21 02 03 09 06 01 00 47 07 00 ff 10 ff ff 02 02 0f 
ff 16 21 02 03 09 06 01 00 20 07 00 ff 12 09 26 02 02 0f ff 16 23 02 03 09 06 01 00 34 07 00 ff 12 09 2b 02 02 0f ff 16 
23 02 03 09 06 01 00 48 07 00 ff 12 09 2d 02 02 0f ff 16 23 a4 3e 7e 7e a0 2a 41 08 83 13 04 13 e6 e7 00 0f 40 00 00 00 
00 01 01 02 03 09 06 01 00 01 07 00 ff 06 00 00 00 1e 02 02 0f 00 16 1b 46 14 7e 7e a0 2a 41 08 83 13 04 13 e6 e7 00 0f 
40 00 00 00 00 01 01 02 03 09 06 01 00 01 07 00 ff 06 00 00 00 18 02 02 0f 00 16 1b 8b 4c 7e 7e a0 2a 41 08 83 13 04 13 
e6 e7 00 0f 40 00 00 00 00 01 01 02 03 09 06 01 00 01 07 00 ff 06 00 00 00 12 02 02 0f 00 16 1b dc a5 7e 7e a1 1e 41 08 
83 13 ee ee e6 e7 00 0f 40 00 00 00 00 01 0d 02 02 09 06 01 01 00 02 81 ff 0a 0b 41 49 44 4f 4e 5f 56 30 30 30 31 02 02 
09 06 00 00 60 01 00 ff 0a 10 37 33 35 39 39 39 32 39 32 35 31 37 35 30 33 36 02 02 09 06 00 00 60 01 07 ff 0a 04 36 35 
35 30 02 03 09 06 01 00 01 07 00 ff 06 00 00 00 12 02 02 0f 00 16 1b 02 03 09 06 01 00 02 07 00 ff 06 00 00 00 00 02 02 
0f 00 16 1b 02 03 09 06 01 00 03 07 00 ff 06 00 00 00 00 02 02 0f 00 16 1d 02 03 09 06 01 00 04 07 00 ff 06 00 00 00 56 
02 02 0f 00 16 1d 02 03 09 06 01 00 1f 07 00 ff 10 00 01 02 02 0f ff 16 21 02 03 09 06 01 00 33 07 00 ff 10 00 01 02 02 
0f ff 16 21 02 03 09 06 01 00 47 07 00 ff 10 ff ff 02 02 0f ff 16 21 02 03 09 06 01 00 20 07 00 ff 12 09 28 02 02 0f ff 
16 23 02 03 09 06 01 00 34 07 00 ff 12 09 2d 02 02 0f ff 16 23 02 03 09 06 01 00 48 07 00 ff 12 09 2f 02 02 0f ff 16 23 
29 4a 7e 7e a0 2a 41 08 83 13 04 13 e6 e7 00 0f 40 00 00 00 00 01 01 02 03 09 06 01 00 01 07 00 ff 06 00 00 00 0e 02 02 
0f 00 16 1b 8f a1 7e 7e a0 2a 41 08 83 13 04 13 e6 e7 00 0f 40 00 00 00 00 01 01 02 03 09 06 01 00 01 07 00 ff 06 00 00 
00 16 02 02 0f 00 16 1b aa ca 7e 7e a0 2a 41 08 83 13 04 13 e6 e7 00 0f 40 00 00 00 00 01 01 02 03 09 06 01 00 01 07 00 
ff 06 00 00 00 1a 02 02 0f 00 16 1b 30 7b 7e 7e a1 1e 41 08 83 13 ee ee e6 e7 00 0f 40 00 00 00 00 01 0d 02 02 09 06 01 
01 00 02 81 ff 0a 0b 41 49 44 4f 4e 5f 56 30 30 30 31 02 02 09 06 00 00 60 01 00 ff 0a 10 37 33 35 39 39 39 32 39 32 35 
31 37 35 30 33 36 02 02 09 06 00 00 60 01 07 ff 0a 04 36 35 35 30 02 03 09 06 01 00 01 07 00 ff 06 00 00 00 19 02 02 0f 
00 16 1b 02 03 09 06 01 00 02 07 00 ff 06 00 00 00 00 02 02 0f 00 16 1b 02 03 09 06 01 00 03 07 00 ff 06 00 00 00 00 02 
02 0f 00 16 1d 02 03 09 06 01 00 04 07 00 ff 06 00 00 00 59 02 02 0f 00 16 1d 02 03 09 06 01 00 1f 07 00 ff 10 00 01 02 
02 0f ff 16 21 02 03 09 06 01 00 33 07 00 ff 10 00 01 02 02 0f ff 16 21 02 03 09 06 01 00 47 07 00 ff 10 ff ff 02 02 0f 
ff 16 21 02 03 09 06 01 00 20 07 00 ff 12 09 25 02 02 0f ff 16 23 02 03 09 06 01 00 34 07 00 ff 12 09 2a 02 02 0f ff 16 
23 02 03 09 06 01 00 48 07 00 ff 12 09 2d 02 02 0f ff 16 23 8d 39 7e 7e a0 2a 41 08 83 13 04 13 e6 e7 00 0f 40 00 00 00 
00 01 01 02 03 09 06 01 00 01 07 00 ff 06 00 00 00 0e 02 02 0f 00 16 1b 8f a1 7e 7e a0 2a 41 08 83 13 04 13 e6 e7 00 0f 
40 00 00 00 00 01 01 02 03 09 06 01 00 01 07 00 ff 06 00 00 00 0a 02 02 0f 00 16 1b f9 ce 7e 7e a0 2a 41 08 83 13 04 13 
e6 e7 00 0f 40 00 00 00 00 01 01 02 03 09 06 01 00 01 07 00 ff 06 00 00 00 07 02 02 0f 00 16 1b b6 e0 7e 7e a1 1e 41 08 
83 13 ee ee e6 e7 00 0f 40 00 00 00 00 01 0d 02 02 09 06 01 01 00 02 81 ff 0a 0b 41 49 44 4f 4e 5f 56 30 30 30 31 02 02 
09 06 00 00 60 01 00 ff 0a 10 37 33 35 39 39 39 32 39 32 35 31 37 35 30 33 36 02 02 09 06 00 00 60 01 07 ff 0a 04 36 35 
35 30 02 03 09 06 01 00 01 07 00 ff 06 00 00 00 03 02 02 0f 00 16 1b 02 03 09 06 01 00 02 07 00 ff 06 00 00 00 00 02 02 
0f 00 16 1b 02 03 09 06 01 00 03 07 00 ff 06 00 00 00 00 02 02 0f 00 16 1d 02 03 09 06 01 00 04 07 00 ff 06 00 00 00 56 
02 02 0f 00 16 1d 02 03 09 06 01 00 1f 07 00 ff 10 00 01 02 02 0f ff 16 21 02 03 09 06 01 00 33 07 00 ff 10 00 01 02 02 
0f ff 16 21 02 03 09 06 01 00 47 07 00 ff 10 ff ff 02 02 0f ff 16 21 02 03 09 06 01 00 20 07 00 ff 12 09 25 02 02 0f ff 
16 23 02 03 09 06 01 00 34 07 00 ff 12 09 2a 02 02 0f ff 16 23 02 03 09 06 01 00 48 07 00 ff 12 09 2c 02 02 0f ff 16 23 
39 5c 7e 7e a0 2a 41 08 83 13 04 13 e6 e7 00 0f 40 00 00 00 00 01 01 02 03 09 06 01 00 01 07 00 ff 06 00 00 00 03 02 02 
0f 00 16 1b c0 8f 7e 7e a0 2a 41 08 83 13 04 13 e6 e7 00 0f 40 00 00 00 00 01 01 02 03 09 06 01 00 01 07 00 ff 06 00 00 
00 01 02 02 0f 00 16 1b 7b b8 7e 7e a0 2a 41 08 83 13 04 13 e6 e7 00 0f 40 00 00 00 00 01 01 02 03 09 06 01 00 01 07 00 
ff 06 00 00 00 00 02 02 0f 00 16 1b ae 27 7e 7e a1 1e 41 08 83 13 ee ee e6 e7 00 0f 40 00 00 00 00 01 0d 02 02 09 06 01 
01 00 02 81 ff 0a 0b 41 49 44 4f 4e 5f 56 30 30 30 31 02 02 09 06 00 00 60 01 00 ff 0a 10 37 33 35 39 39 39 32 39 32 35 
31 37 35 30 33 36 02 02 09 06 00 00 60 01 07 ff 0a 04 36 35 35 30 02 03 09 06 01 00 01 07 00 ff 06 00 00 00 00 02 02 0f 
00 16 1b 02 03 09 06 01 00 02 07 00 ff 06 00 00 00 0a 02 02 0f 00 16 1b 02 03 09 06 01 00 03 07 00 ff 06 00 00 00 00 02 
02 0f 00 16 1d 02 03 09 06 01 00 04 07 00 ff 06 00 00 00 71 02 02 0f 00 16 1d 02 03 09 06 01 00 1f 07 00 ff 10 00 01 02 
02 0f ff 16 21 02 03 09 06 01 00 33 07 00 ff 10 00 01 02 02 0f ff 16 21 02 03 09 06 01 00 47 07 00 ff 10 ff ff 02 02 0f 
ff 16 21 02 03 09 06 01 00 20 07 00 ff 12 09 29 02 02 0f ff 16 23 02 03 09 06 01 00 34 07 00 ff 12 09 2e 02 02 0f ff 16 
23 02 03 09 06 01 00 48 07 00 ff 12 09 2f 02 02 0f ff 16 23 be 51 7e 7e a0 2a 41 08 83 13 04 13 e6 e7 00 0f 40 00 00 00 
00 01 01 02 03 09 06 01 00 01 07 00 ff 06 00 00 00 00 02 02 0f 00 16 1b ae 27 7e 7e a0 2a 41 08 83 13 04 13 e6 e7 00 0f 
40 00 00 00 00 01 01 02 03 09 06 01 00 01 07 00 ff 06 00 00 00 00 02 02 0f 00 16 1b ae 27 7e 7e a0 2a 41 08 83 13 04 13 
e6 e7 00 0f 40 00 00 00 00 01 01 02 03 09 06 01 00 01 07 00 ff 06 00 00 00 00 02 02 0f 00 16 1b ae 27 7e 7e a1 1e 41 08 
83 13 ee ee e6 e7 00 0f 40 00 00 00 00 01 0d 02 02 09 06 01 01 00 02 81 ff 0a 0b 41 49 44 4f 4e 5f 56 30 30 30 31 02 02 
09 06 00 00 60 01 00 ff 0a 10 37 33 35 39 39 39 32 39 32 35 31 37 35 30 33 36 02 02 09 06 00 00 60 01 07 ff 0a 04 36 35 
35 30 02 03 09 06 01 00 01 07 00 ff 06 00 00 00 00 02 02 0f 00 16 1b 02 03 09 06 01 00 02 07 00 ff 06 00 00 00 0c 02 02 
0f 00 16 1b 02 03 09 06 01 00 03 07 00 ff 06 00 00 00 00 02 02 0f 00 16 1d 02 03 09 06 01 00 04 07 00 ff 06 00 00 00 71 
02 02 0f 00 16 1d 02 03 09 06 01 00 1f 07 00 ff 10 00 01 02 02 0f ff 16 21 02 03 09 06 01 00 33 07 00 ff 10 00 01 02 02 
0f ff 16 21 02 03 09 06 01 00 47 07 00 ff 10 ff ff 02 02 0f ff 16 21 02 03 09 06 01 00 20 07 00 ff 12 09 2a 02 02 0f ff 
16 23 02 03 09 06 01 00 34 07 00 ff 12 09 2f 02 02 0f ff 16 23 02 03 09 06 01 00 48 07 00 ff 12 09 31 02 02 0f ff 16 23 
56 dd 7e 7e a0 2a 41 08 83 13 04 13 e6 e7 00 0f 40 00 00 00 00 01 01 02 03 09 06 01 00 01 07 00 ff 06 00 00 00 00 02 02 
0f 00 16 1b ae 27 7e 7e a0 2a 41 08 83 13 04 13 e6 e7 00 0f 40 00 00 00 00 01 01 02 03 09 06 01 00 01 07 00 ff 06 00 00 
00 00 02 02 0f 00 16 1b ae 27 7e 7e a0 2a 41 08 83 13 04 13 e6 e7 00 0f 40 00 00 00 00 01 01 02 03 09 06 01 00 01 07 00 
ff 06 00 00 00 00 02 02 0f 00 16 1b ae 27 7e 7e a1 1e 41 08 83 13 ee ee e6 e7 00 0f 40 00 00 00 00 01 0d 02 02 09 06 01 
01 00 02 81 ff 0a 0b 41 49 44 4f 4e 5f 56 30 30 30 31 02 02 09 06 00 00 60 01 00 ff 0a 10 37 33 35 39 39 39 32 39 32 35 
31 37 35 30 33 36 02 02 09 06 00 00 60 01 07 ff 0a 04 36 35 35 30 02 03 09 06 01 00 01 07 00 ff 06 00 00 00 00 02 02 0f 
00 16 1b 02 03 09 06 01 00 02 07 00 ff 06 00 00 00 08 02 02 0f 00 16 1b 02 03 09 06 01 00 03 07 00 ff 06 00 00 00 00 02 
02 0f 00 16 1d 02 03 09 06 01 00 04 07 00 ff 06 00 00 00 71 02 02 0f 00 16 1d 02 03 09 06 01 00 1f 07 00 ff 10 00 01 02 
02 0f ff 16 21 02 03 09 06 01 00 33 07 00 ff 10 ff ff 02 02 0f ff 16 21 02 03 09 06 01 00 47 07 00 ff 10 ff ff 02 02 0f 
ff 16 21 02 03 09 06 01 00 20 07 00 ff 12 09 28 02 02 0f ff 16 23 02 03 09 06 01 00 34 07 00 ff 12 09 2d 02 02 0f ff 16 
23 02 03 09 06 01 00 48 07 00 ff 12 09 2f 02 02 0f ff 16 23 1b 5a 7e 7e a0 2a 41 08 83 13 04 13 e6 e7 00 0f 40 00 00 00 
00 01 01 02 03 09 06 01 00 01 07 00 ff 06 00 00 00 00 02 02 0f 00 16 1b ae 27 7e 7e a0 2a 41 08 83 13 04 13 e6 e7 00 0f 
40 00 00 00 00 01 01 02 03 09 06 01 00 01 07 00 ff 06 00 00 00 00 02 02 0f 00 16 1b ae 27 7e 7e a0 2a 41 08 83 13 04 13 
e6 e7 00 0f 40 00 00 00 00 01 01 02 03 09 06 01 00 01 07 00 ff 06 00 00 00 00 02 02 0f 00 16 1b ae 27 7e 7e a1 1e 41 08 
83 13 ee ee e6 e7 00 0f 40 00 00 00 00 01 0d 02 02 09 06 01 01 00 02 81 ff 0a 0b 41 49 44 4f 4e 5f 56 30 30 30 31 02 02 
09 06 00 00 60 01 00 ff 0a 10 37 33 35 39 39 39 32 39 32 35 31 37 35 30 33 36 02 02 09 06 00 00 60 01 07 ff 0a 04 36 35 
35 30 02 03 09 06 01 00 01 07 00 ff 06 00 00 00 00 02 02 0f 00 16 1b 02 03 09 06 01 00 02 07 00 ff 06 00 00 00 08 02 02 
0f 00 16 1b 02 03 09 06 01 00 03 07 00 ff 06 00 00 00 00 02 02 0f 00 16 1d 02 03 09 06 01 00 04 07 00 ff 06 00 00 00 72 
02 02 0f 00 16 1d 02 03 09 06 01 00 1f 07 00 ff 10 00 01 02 02 0f ff 16 21 02 03 09 06 01 00 33 07 00 ff 10 00 01 02 02 
0f ff 16 21 02 03 09 06 01 00 47 07 00 ff 10 ff fe 02 02 0f ff 16 21 02 03 09 06 01 00 20 07 00 ff 12 09 2b 02 02 0f ff 
16 23 02 03 09 06 01 00 34 07 00 ff 12 09 2f 02 02 0f ff 16 23 02 03 09 06 01 00 48 07 00 ff 12 09 31 02 02 0f ff 16 23 
e9 af 7e 7e a0 2a 41 08 83 13 04 13 e6 e7 00 0f 40 00 00 00 00 01 01 02 03 09 06 01 00 01 07 00 ff 06 00 00 00 00 02 02 
0f 00 16 1b ae 27 7e 7e a0 2a 41 08 83 13 04 13 e6 e7 00 0f 40 00 00 00 00 01 01 02 03 09 06 01 00 01 07 00 ff 06 00 00 
00 00 02 02 0f 00 16 1b ae 27 7e 7e a0 2a 41 08 83 13 04 13 e6 e7 00 0f 40 00 00 00 00 01 01 02 03 09 06 01 00 01 07 00 
ff 06 00 00 00 00 02 02 0f 00 16 1b ae 27 7e 7e a1 1e 41 08 83 13 ee ee e6 e7 00 0f 40 00 00 00 00 01 0d 02 02 09 06 01 
01 00 02 81 ff 0a 0b 41 49 44 4f 4e 5f 56 30 30 30 31 02 02 09 06 00 00 60 01 00 ff 0a 10 37 33 35 39 39 39 32 39 32 35 
31 37 35 30 33 36 02 02 09 06 00 00 60 01 07 ff 0a 04 36 35 35 30 02 03 09 06 01 00 01 07 00 ff 06 00 00 00 00 02 02 0f 
00 16 1b 02 03 09 06 01 00 02 07 00 ff 06 00 00 00 11 02 02 0f 00 16 1b 02 03 09 06 01 00 03 07 00 ff 06 00 00 00 00 02 
02 0f 00 16 1d 02 03 09 06 01 00 04 07 00 ff 06 00 00 00 71 02 02 0f 00 16 1d 02 03 09 06 01 00 1f 07 00 ff 10 00 01 02 
02 0f ff 16 21 02 03 09 06 01 00 33 07 00 ff 10 00 01 02 02 0f ff 16 21 02 03 09 06 01 00 47 07 00 ff 10 ff fe 02 02 0f 
ff 16 21 02 03 09 06 01 00 20 07 00 ff 12 09 28 02 02 0f ff 16 23 02 03 09 06 01 00 34 07 00 ff 12 09 2d 02 02 0f ff 16 
23 02 03 09 06 01 00 48 07 00 ff 12 09 2f 02 02 0f ff 16 23 3b 9a 7e 7e a0 2a 41 08 83 13 04 13 e6 e7 00 0f 40 00 00 00 
00 01 01 02 03 09 06 01 00 01 07 00 ff 06 00 00 00 00 02 02 0f 00 16 1b ae 27 7e 7e a0 2a 41 08 83 13 04 13 e6 e7 00 0f 
40 00 00 00 00 01 01 02 03 09 06 01 00 01 07 00 ff 06 00 00 00 00 02 02 0f 00 16 1b ae 27 7e 7e a0 2a 41 08 83 13 04 13 
e6 e7 00 0f 40 00 00 00 00 01 01 02 03 09 06 01 00 01 07 00 ff 06 00 00 00 00 02 02 0f 00 16 1b ae 27 7e 7e a1 1e 41 08 
83 13 ee ee e6 e7 00 0f 40 00 00 00 00 01 0d 02 02 09 06 01 01 00 02 81 ff 0a 0b 41 49 44 4f 4e 5f 56 30 30 30 31 02 02 
09 06 00 00 60 01 00 ff 0a 10 37 33 35 39 39 39 32 39 32 35 31 37 35 30 33 36 02 02 09 06 00 00 60 01 07 ff 0a 04 36 35 
35 30 02 03 09 06 01 00 01 07 00 ff 06 00 00 00 00 02 02 0f 00 16 1b 02 03 09 06 01 00 02 07 00 ff 06 00 00 00 16 02 02 
0f 00 16 1b 02 03 09 06 01 00 03 07 00 ff 06 00 00 00 00 02 02 0f 00 16 1d 02 03 09 06 01 00 04 07 00 ff 06 00 00 00 73 
02 02 0f 00 16 1d 02 03 09 06 01 00 1f 07 00 ff 10 00 01 02 02 0f ff 16 21 02 03 09 06 01 00 33 07 00 ff 10 ff ff 02 02 
0f ff 16 21 02 03 09 06 01 00 47 07 00 ff 10 ff fe 02 02 0f ff 16 21 02 03 09 06 01 00 20 07 00 ff 12 09 29 02 02 0f ff 
16 23 02 03 09 06 01 00 34 07 00 ff 12 09 2d 02 02 0f ff 16 23 02 03 09 06 01 00 48 07 00 ff 12 09 2f 02 02 0f ff 16 23 
4e cd 7e 7e a0 2a 41 08 83 13 04 13 e6 e7 00 0f 40 00 00 00 00 01 01 02 03 09 06 01 00 01 07 00 ff 06 00 00 00 00 02 02 
0f 00 16 1b ae 27 7e 7e a0 2a 41 08 83 13 04 13 e6 e7 00 0f 40 00 00 00 00 01 01 02 03 09 06 01 00 01 07 00 ff 06 00 00 
00 00 02 02 0f 00 16 1b ae 27 7e 7e a0 2a 41 08 83 13 04 13 e6 e7 00 0f 40 00 00 00 00 01 01 02 03 09 06 01 00 01 07 00 
ff 06 00 00 00 00 02 02 0f 00 16 1b ae 27 7e 7e a1 1e 41 08 83 13 ee ee e6 e7 00 0f 40 00 00 00 00 01 0d 02 02 09 06 01 
01 00 02 81 ff 0a 0b 41 49 44 4f 4e 5f 56 30 30 30 31 02 02 09 06 00 00 60 01 00 ff 0a 10 37 33 35 39 39 39 32 39 32 35 
31 37 35 30 33 36 02 02 09 06 00 00 60 01 07 ff 0a 04 36 35 35 30 02 03 09 06 01 00 01 07 00 ff 06 00 00 00 00 02 02 0f 
00 16 1b 02 03 09 06 01 00 02 07 00 ff 06 00 00 00 1d 02 02 0f 00 16 1b 02 03 09 06 01 00 03 07 00 ff 06 00 00 00 00 02 
02 0f 00 16 1d 02 03 09 06 01 00 04 07 00 ff 06 00 00 00 70 02 02 0f 00 16 1d 02 03 09 06 01 00 1f 07 00 ff 10 00 01 02 
02 0f ff 16 21 02 03 09 06 01 00 33 07 00 ff 10 ff ff 02 02 0f ff 16 21 02 03 09 06 01 00 47 07 00 ff 10 ff fe 02 02 0f 
ff 16 21 02 03 09 06 01 00 20 07 00 ff 12 09 26 02 02 0f ff 16 23 02 03 09 06 01 00 34 07 00 ff 12 09 2b 02 02 0f ff 16 
23 02 03 09 06 01 00 48 07 00 ff 12 09 2d 02 02 0f ff 16 23 ca 68 7e 7e a0 2a 41 08 83 13 04 13 e6 e7 00 0f 40 00 00 00 
00 01 01 02 03 09 06 01 00 01 07 00 ff 06 00 00 00 00 02 02 0f 00 16 1b ae 27 7e 7e a0 2a 41 08 83 13 04 13 e6 e7 00 0f 
40 00 00 00 00 01 01 02 03 09 06 01 00 01 07 00 ff 06 00 00 00 00 02 02 0f 00 16 1b ae 27 7e 7e a0 2a 41 08 83 13 04 13 
e6 e7 00 0f 40 00 00 00 00 01 01 02 03 09 06 01 00 01 07 00 ff 06 00 00 00 00 02 02 0f 00 16 1b ae 27 7e 7e a1 1e 41 08 
83 13 ee ee e6 e7 00 0f 40 00 00 00 00 01 0d 02 02 09 06 01 01 00 02 81 ff 0a 0b 41 49 44 4f 4e 5f 56 30 30 30 31 02 02 
09 06 00 00 60 01 00 ff 0a 10 37 33 35 39 39 39 32 39 32 35 31 37 35 30 33 36 02 02 09 06 00 00 60 01 07 ff 0a 04 36 35 
35 30 02 03 09 06 01 00 01 07 00 ff 06 00 00 00 00 02 02 0f 00 16 1b 02 03 09 06 01 00 02 07 00 ff 06 00 00 00 1d 02 02 
0f 00 16 1b 02 03 09 06 01 00 03 07 00 ff 06 00 00 00 00 02 02 0f 00 16 1d 02 03 09 06 01 00 04 07 00 ff 06 00 00 00 70 
02 02 0f 00 16 1d 02 03 09 06 01 00 1f 07 00 ff 10 00 01 02 02 0f ff 16 21 02 03 09 06 01 00 33 07 00 ff 10 ff ff 02 02 
0f ff 16 21 02 03 09 06 01 00 47 07 00 ff 10 ff fe 02 02 0f ff 16 21 02 03 09 06 01 00 20 07 00 ff 12 09 2b 02 02 0f ff 
16 23 02 03 09 06 01 00 34 07 00 ff 12 09 30 02 02 0f ff 16 23 02 03 09 06 01 00 48 07 00 ff 12 09 32 02 02 0f ff 16 23 
22 23 7e 7e a0 2a 41 08 83 13 04 13 e6 e7 00 0f 40 00 00 00 00 01 01 02 03 09 06 01 00 01 07 00 ff 06 00 00 00 00 02 02 
0f 00 16 1b ae 27 7e 7e a0 2a 41 08 83 13 04 13 e6 e7 00 0f 40 00 00 00 00 01 01 02 03 09 06 01 00 01 07 00 ff 06 00 00 
00 00 02 02 0f 00 16 1b ae 27 7e 7e a0 2a 41 08 83 13 04 13 e6 e7 00 0f 40 00 00 00 00 01 01 02 03 09 06 01 00 01 07 00 
ff 06 00 00 00 00 02 02 0f 00 16 1b ae 27 7e 7e a1 1e 41 08 83 13 ee ee e6 e7 00 0f 40 00 00 00 00 01 0d 02 02 09 06 01 
01 00 02 81 ff 0a 0b 41 49 44 4f 4e 5f 56 30 30 30 31 02 02 09 06 00 00 60 01 00 ff 0a 10 37 33 35 39 39 39 32 39 32 35 
31 37 35 30 33 36 02 02 09 06 00 00 60 01 07 ff 0a 04 36 35 35 30 02 03 09 06 01 00 01 07 00 ff 06 00 00 00 00 02 02 0f 
00 16 1b 02 03 09 06 01 00 02 07 00 ff 06 00 00 00 22 02 02 0f 00 16 1b 02 03 09 06 01 00 03 07 00 ff 06 00 00 00 00 02 
02 0f 00 16 1d 02 03 09 06 01 00 04 07 00 ff 06 00 00 00 70 02 02 0f 00 16 1d 02 03 09 06 01 00 1f 07 00 ff 10 00 01 02 
02 0f ff 16 21 02 03 09 06 01 00 33 07 00 ff 10 ff ff 02 02 0f ff 16 21 02 03 09 06 01 00 47 07 00 ff 10 ff fe 02 02 0f 
ff 16 21 02 03 09 06 01 00 20 07 00 ff 12 09 2b 02 02 0f ff 16 23 02 03 09 06 01 00 34 07 00 ff 12 09 2f 02 02 0f ff 16 
23 02 03 09 06 01 00 48 07 00 ff 12 09 31 02 02 0f ff 16 23 31 9e 7e 7e a0 2a 41 08 83 13 04 13 e6 e7 00 0f 40 00 00 00 
00 01 01 02 03 09 06 01 00 01 07 00 ff 06 00 00 00 00 02 02 0f 00 16 1b ae 27 7e 7e a0 2a 41 08 83 13 04 13 e6 e7 00 0f 
40 00 00 00 00 01 01 02 03 09 06 01 00 01 07 00 ff 06 00 00 00 00 02 02 0f 00 16 1b ae 27 7e 7e a0 2a 41 08 83 13 04 13 
e6 e7 00 0f 40 00 00 00 00 01 01 02 03 09 06 01 00 01 07 00 ff 06 00 00 00 00 02 02 0f 00 16 1b ae 27 7e 7e a1 1e 41 08 
83 13 ee ee e6 e7 00 0f 40 00 00 00 00 01 0d 02 02 09 06 01 01 00 02 81 ff 0a 0b 41 49 44 4f 4e 5f 56 30 30 30 31 02 02 
09 06 00 00 60 01 00 ff 0a 10 37 33 35 39 39 39 32 39 32 35 31 37 35 30 33 36 02 02 09 06 00 00 60 01 07 ff 0a 04 36 35 
35 30 02 03 09 06 01 00 01 07 00 ff 06 00 00 00 00 02 02 0f 00 16 1b 02 03 09 06 01 00 02 07 00 ff 06 00 00 00 1d 02 02 
0f 00 16 1b 02 03 09 06 01 00 03 07 00 ff 06 00 00 00 00 02 02 0f 00 16 1d 02 03 09 06 01 00 04 07 00 ff 06 00 00 00 70 
02 02 0f 00 16 1d 02 03 09 06 01 00 1f 07 00 ff 10 00 01 02 02 0f ff 16 21 02 03 09 06 01 00 33 07 00 ff 10 00 01 02 02 
0f ff 16 21 02 03 09 06 01 00 47 07 00 ff 10 ff fe 02 02 0f ff 16 21 02 03 09 06 01 00 20 07 00 ff 12 09 2c 02 02 0f ff 
16 23 02 03 09 06 01 00 34 07 00 ff 12 09 2f 02 02 0f ff 16 23 02 03 09 06 01 00 48 07 00 ff 12 09 32 02 02 0f ff 16 23 
4f 46 7e 7e a0 2a 41 08 83 13 04 13 e6 e7 00 0f 40 00 00 00 00 01 01 02 03 09 06 01 00 01 07 00 ff 06 00 00 00 00 02 02 
0f 00 16 1b ae 27 7e 7e a0 2a 41 08 83 13 04 13 e6 e7 00 0f 40 00 00 00 00 01 01 02 03 09 06 01 00 01 07 00 ff 06 00 00 
00 00 02 02 0f 00 16 1b ae 27 7e 7e a0 2a 41 08 83 13 04 13 e6 e7 00 0f 40 00 00 00 00 01 01 02 03 09 06 01 00 01 07 00 
ff 06 00 00 00 00 02 02 0f 00 16 1b ae 27 7e 7e a1 1e 41 08 83 13 ee ee e6 e7 00 0f 40 00 00 00 00 01 0d 02 02 09 06 01 
01 00 02 81 ff 0a 0b 41 49 44 4f 4e 5f 56 30 30 30 31 02 02 09 06 00 00 60 01 00 ff 0a 10 37 33 35 39 39 39 32 39 32 35 
31 37 35 30 33 36 02 02 09 06 00 00 60 01 07 ff 0a 04 36 35 35 30 02 03 09 06 01 00 01 07 00 ff 06 00 00 00 00 02 02 0f 
00 16 1b 02 03 09 06 01 00 02 07 00 ff 06 00 00 00 20 02 02 0f 00 16 1b 02 03 09 06 01 00 03 07 00 ff 06 00 00 00 00 02 
02 0f 00 16 1d 02 03 09 06 01 00 04 07 00 ff 06 00 00 00 70 02 02 0f 00 16 1d 02 03 09 06 01 00 1f 07 00 ff 10 00 01 02 
02 0f ff 16 21 02 03 09 06 01 00 33 07 00 ff 10 00 01 02 02 0f ff 16 21 02 03 09 06 01 00 47 07 00 ff 10 ff fe 02 02 0f 
ff 16 21 02 03 09 06 01 00 20 07 00 ff 12 09 29 02 02 0f ff 16 23 02 03 09 06 01 00 34 07 00 ff 12 09 2d 02 02 0f ff 16 
23 02 03 09 06 01 00 48 07 00 ff 12 09 30 02 02 0f ff 16 23 5c 9d 7e 7e a0 2a 41 08 83 13 04 13 e6 e7 00 0f 40 00 00 00 
00 01 01 02 03 09 06 01 00 01 07 00 ff 06 00 00 00 00 02 02 0f 00 16 1b ae 27 7e 7e a0 2a 41 08 83 13 04 13 e6 e7 00 0f 
40 00 00 00 00 01 01 02 03 09 06 01 00 01 07 00 ff 06 00 00 00 00 02 02 0f 00 16 1b ae 27 7e 7e a0 2a 41 08 83 13 04 13 
e6 e7 00 0f 40 00 00 00 00 01 01 02 03 09 06 01 00 01 07 00 ff 06 00 00 00 00 02 02 0f 00 16 1b ae 27 7e 7e a1 1e 41 08 
83 13 ee ee e6 e7 00 0f 40 00 00 00 00 01 0d 02 02 09 06 01 01 00 02 81 ff 0a 0b 41 49 44 4f 4e 5f 56 30 30 30 31 02 02 
09 06 00 00 60 01 00 ff 0a 10 37 33 35 39 39 39 32 39 32 35 31 37 35 30 33 36 02 02 09 06 00 00 60 01 07 ff 0a 04 36 35 
35 30 02 03 09 06 01 00 01 07 00 ff 06 00 00 00 00 02 02 0f 00 16 1b 02 03 09 06 01 00 02 07 00 ff 06 00 00 00 2a 02 02 
0f 00 16 1b 02 03 09 06 01 00 03 07 00 ff 06 00 00 00 00 02 02 0f 00 16 1d 02 03 09 06 01 00 04 07 00 ff 06 00 00 00 72 
02 02 0f 00 16 1d 02 03 09 06 01 00 1f 07 00 ff 10 00 01 02 02 0f ff 16 21 02 03 09 06 01 00 33 07 00 ff 10 ff ff 02 02 
0f ff 16 21 02 03 09 06 01 00 47 07 00 ff 10 ff fe 02 02 0f ff 16 21 02 03 09 06 01 00 20 07 00 ff 12 09 29 02 02 0f ff 
16 23 02 03 09 06 01 00 34 07 00 ff 12 09 2c 02 02 0f ff 16 23 02 03 09 06 01 00 48 07 00 ff 12 09 2f 02 02 0f ff 16 23 
48 45 7e 7e a0 2a 41 08 83 13 04 13 e6 e7 00 0f 40 00 00 00 00 01 01 02 03 09 06 01 00 01 07 00 ff 06 00 00 00 00 02 02 
0f 00 16 1b ae 27 7e 7e a0 2a 41 08 83 13 04 13 e6 e7 00 0f 40 00 00 00 00 01 01 02 03 09 06 01 00 01 07 00 ff 06 00 00 
00 00 02 02 0f 00 16 1b ae 27 7e 7e a0 2a 41 08 83 13 04 13 e6 e7 00 0f 40 00 00 00 00 01 01 02 03 09 06 01 00 01 07 00 
ff 06 00 00 00 00 02 02 0f 00 16 1b ae 27 7e 7e a1 1e 41 08 83 13 ee ee e6 e7 00 0f 40 00 00 00 00 01 0d 02 02 09 06 01 
01 00 02 81 ff 0a 0b 41 49 44 4f 4e 5f 56 30 30 30 31 02 02 09 06 00 00 60 01 00 ff 0a 10 37 33 35 39 39 39 32 39 32 35 
31 37 35 30 33 36 02 02 09 06 00 00 60 01 07 ff 0a 04 36 35 35 30 02 03 09 06 01 00 01 07 00 ff 06 00 00 00 00 02 02 0f 
00 16 1b 02 03 09 06 01 00 02 07 00 ff 06 00 00 00 3b 02 02 0f 00 16 1b 02 03 09 06 01 00 03 07 00 ff 06 00 00 00 00 02 
02 0f 00 16 1d 02 03 09 06 01 00 04 07 00 ff 06 00 00 00 72 02 02 0f 00 16 1d 02 03 09 06 01 00 1f 07 00 ff 10 00 01 02 
02 0f ff 16 21 02 03 09 06 01 00 33 07 00 ff 10 ff ff 02 02 0f ff 16 21 02 03 09 06 01 00 47 07 00 ff 10 ff fe 02 02 0f 
ff 16 21 02 03 09 06 01 00 20 07 00 ff 12 09 28 02 02 0f ff 16 23 02 03 09 06 01 00 34 07 00 ff 12 09 2b 02 02 0f ff 16 
23 02 03 09 06 01 00 48 07 00 ff 12 09 2d 02 02 0f ff 16 23 0f 7e 7e 7e a0 2a 41 08 83 13 04 13 e6 e7 00 0f 40 00 00 00 
00 01 01 02 03 09 06 01 00 01 07 00 ff 06 00 00 00 00 02 02 0f 00 16 1b ae 27 7e 7e a0 2a 41 08 83 13 04 13 e6 e7 00 0f 
40 00 00 00 00 01 01 02 03 09 06 01 00 01 07 00 ff 06 00 00 00 00 02 02 0f 00 16 1b ae 27 7e 7e a0 2a 41 08 83 13 04 13 
e6 e7 00 0f 40 00 00 00 00 01 01 02 03 09 06 01 00 01 07 00 ff 06 00 00 00 00 02 02 0f 00 16 1b ae 27 7e 7e a1 1e 41 08 
83 13 ee ee e6 e7 00 0f 40 00 00 00 00 01 0d 02 02 09 06 01 01 00 02 81 ff 0a 0b 41 49 44 4f 4e 5f 56 30 30 30 31 02 02 
09 06 00 00 60 01 00 ff 0a 10 37 33 35 39 39 39 32 39 32 35 31 37 35 30 33 36 02 02 09 06 00 00 60 01 07 ff 0a 04 36 35 
35 30 02 03 09 06 01 00 01 07 00 ff 06 00 00 00 00 02 02 0f 00 16 1b 02 03 09 06 01 00 02 07 00 ff 06 00 00 00 3f 02 02 
0f 00 16 1b 02 03 09 06 01 00 03 07 00 ff 06 00 00 00 00 02 02 0f 00 16 1d 02 03 09 06 01 00 04 07 00 ff 06 00 00 00 72 
02 02 0f 00 16 1d 02 03 09 06 01 00 1f 07 00 ff 10 ff ff 02 02 0f ff 16 21 02 03 09 06 01 00 33 07 00 ff 10 ff ff 02 02 
0f ff 16 21 02 03 09 06 01 00 47 07 00 ff 10 ff fe 02 02 0f ff 16 21 02 03 09 06 01 00 20 07 00 ff 12 09 2a 02 02 0f ff 
16 23 02 03 09 06 01 00 34 07 00 ff 12 09 2d 02 02 0f ff 16 23 02 03 09 06 01 00 48 07 00 ff 12 09 2f 02 02 0f ff 16 23 
21 5c 7e 7e a0 2a 41 08 83 13 04 13 e6 e7 00 0f 40 00 00 00 00 01 01 02 03 09 06 01 00 01 07 00 ff 06 00 00 00 00 02 02 
0f 00 16 1b ae 27 7e 7e a0 2a 41 08 83 13 04 13 e6 e7 00 0f 40 00 00 00 00 01 01 02 03 09 06 01 00 01 07 00 ff 06 00 00 
00 00 02 02 0f 00 16 1b ae 27 7e 7e a0 2a 41 08 83 13 04 13 e6 e7 00 0f 40 00 00 00 00 01 01 02 03 09 06 01 00 01 07 00 
ff 06 00 00 00 00 02 02 0f 00 16 1b ae 27 7e 7e a1 1e 41 08 83 13 ee ee e6 e7 00 0f 40 00 00 00 00 01 0d 02 02 09 06 01 
01 00 02 81 ff 0a 0b 41 49 44 4f 4e 5f 56 30 30 30 31 02 02 09 06 00 00 60 01 00 ff 0a 10 37 33 35 39 39 39 32 39 32 35 
31 37 35 30 33 36 02 02 09 06 00 00 60 01 07 ff 0a 04 36 35 35 30 02 03 09 06 01 00 01 07 00 ff 06 00 00 00 00 02 02 0f 
00 16 1b 02 03 09 06 01 00 02 07 00 ff 06 00 00 00 3c 02 02 0f 00 16 1b 02 03 09 06 01 00 03 07 00 ff 06 00 00 00 00 02 
02 0f 00 16 1d 02 03 09 06 01 00 04 07 00 ff 06 00 00 00 71 02 02 0f 00 16 1d 02 03 09 06 01 00 1f 07 00 ff 10 ff ff 02 
02 0f ff 16 21 02 03 09 06 01 00 33 07 00 ff 10 ff ff 02 02 0f ff 16 21 02 03 09 06 01 00 47 07 00 ff 10 ff fe 02 02 0f 
ff 16 21 02 03 09 06 01 00 20 07 00 ff 12 09 2a 02 02 0f ff 16 23 02 03 09 06 01 00 34 07 00 ff 12 09 2e 02 02 0f ff 16 
23 02 03 09 06 01 00 48 07 00 ff 12 09 30 02 02 0f ff 16 23 44 d9 7e 7e a0 2a 41 08 83 13 04 13 e6 e7 00 0f 40 00 00 00 
00 01 01 02 03 09 06 01 00 01 07 00 ff 06 00 00 00 00 02 02 0f 00 16 1b ae 27 7e 7e a0 2a 41 08 83 13 04 13 e6 e7 00 0f 
40 00 00 00 00 01 01 02 03 09 06 01 00 01 07 00 ff 06 00 00 00 00 02 02 0f 00 16 1b ae 27 7e 7e a0 2a 41 08 83 13 04 13 
e6 e7 00 0f 40 00 00 00 00 01 01 02 03 09 06 01 00 01 07 00 ff 06 00 00 00 00 02 02 0f 00 16 1b ae 27 7e 7e a1 1e 41 08 
83 13 ee ee e6 e7 00 0f 40 00 00 00 00 01 0d 02 02 09 06 01 01 00 02 81 ff 0a 0b 41 49 44 4f 4e 5f 56 30 30 30 31 02 02 
09 06 00 00 60 01 00 ff 0a 10 37 33 35 39 39 39 32 39 32 35 31 37 35 30 33 36 02 02 09 06 00 00 60 01 07 ff 0a 04 36 35 
35 30 02 03 09 06 01 00 01 07 00 ff 06 00 00 00 00 02 02 0f 00 16 1b 02 03 09 06 01 00 02 07 00 ff 06 00 00 00 3f 02 02 
0f 00 16 1b 02 03 09 06 01 00 03 07 00 ff 06 00 00 00 00 02 02 0f 00 16 1d 02 03 09 06 01 00 04 07 00 ff 06 00 00 00 6f 
02 02 0f 00 16 1d 02 03 09 06 01 00 1f 07 00 ff 10 ff ff 02 02 0f ff 16 21 02 03 09 06 01 00 33 07 00 ff 10 ff ff 02 02 
0f ff 16 21 02 03 09 06 01 00 47 07 00 ff 10 ff fe 02 02 0f ff 16 21 02 03 09 06 01 00 20 07 00 ff 12 09 25 02 02 0f ff 
16 23 02 03 09 06 01 00 34 07 00 ff 12 09 29 02 02 0f ff 16 23 02 03 09 06 01 00 48 07 00 ff 12 09 2b 02 02 0f ff 16 23 
13 0b 7e 7e a0 2a 41 08 83 13 04 13 e6 e7 00 0f 40 00 00 00 00 01 01 02 03 09 06 01 00 01 07 00 ff 06 00 00 00 00 02 02 
0f 00 16 1b ae 27 7e 7e a0 2a 41 08 83 13 04 13 e6 e7 00 0f 40 00 00 00 00 01 01 02 03 09 06 01 00 01 07 00 ff 06 00 00 
00 00 02 02 0f 00 16 1b ae 27 7e 7e a0 2a 41 08 83 13 04 13 e6 e7 00 0f 40 00 00 00 00 01 01 02 03 09 06 01 00 01 07 00 
ff 06 00 00 00 00 02 02 0f 00 16 1b ae 27 7e 7e a1 1e 41 08 83 13 ee ee e6 e7 00 0f 40 00 00 00 00 01 0d 02 02 09 06 01 
01 00 02 81 ff 0a 0b 41 49 44 4f 4e 5f 56 30 30 30 31 02 02 09 06 00 00 60 01 00 ff 0a 10 37 33 35 39 39 39 32 39 32 35 
31 37 35 30 33 36 02 02 09 06 00 00 60 01 07 ff 0a 04 36 35 35 30 02 03 09 06 01 00 01 07 00 ff 06 00 00 00 00 02 02 0f 
00 16 1b 02 03 09 06 01 00 02 07 00 ff 06 00 00 00 38 02 02 0f 00 16 1b 02 03 09 06 01 00 03 07 00 ff 06 00 00 00 00 02 
02 0f 00 16 1d 02 03 09 06 01 00 04 07 00 ff 06 00 00 00 70 02 02 0f 00 16 1d 02 03 09 06 01 00 1f 07 00 ff 10 ff ff 02 
02 0f ff 16 21 02 03 09 06 01 00 33 07 00 ff 10 ff ff 02 02 0f ff 16 21 02 03 09 06 01 00 47 07 00 ff 10 ff fe 02 02 0f 
ff 16 21 02 03 09 06 01 00 20 07 00 ff 12 09 28 02 02 0f ff 16 23 02 03 09 06 01 00 34 07 00 ff 12 09 2b 02 02 0f ff 16 
23 02 03 09 06 01 00 48 07 00 ff 12 09 2e 02 02 0f ff 16 23 7a 0b 7e 7e a0 2a 41 08 83 13 04 13 e6 e7 00 0f 40 00 00 00 
00 01 01 02 03 09 06 01 00 01 07 00 ff 06 00 00 00 00 02 02 0f 00 16 1b ae 27 7e 7e a0 2a 41 08 83 13 04 13 e6 e7 00 0f 
40 00 00 00 00 01 01 02 03 09 06 01 00 01 07 00 ff 06 00 00 00 00 02 02 0f 00 16 1b ae 27 7e 7e a0 2a 41 08 83 13 04 13 
e6 e7 00 0f 40 00 00 00 00 01 01 02 03 09 06 01 00 01 07 00 ff 06 00 00 00 00 02 02 0f 00 16 1b ae 27 7e 7e a1 1e 41 08 
83 13 ee ee e6 e7 00 0f 40 00 00 00 00 01 0d 02 02 09 06 01 01 00 02 81 ff 0a 0b 41 49 44 4f 4e 5f 56 30 30 30 31 02 02 
09 06 00 00 60 01 00 ff 0a 10 37 33 35 39 39 39 32 39 32 35 31 37 35 30 33 36 02 02 09 06 00 00 60 01 07 ff 0a 04 36 35 
35 30 02 03 09 06 01 00 01 07 00 ff 06 00 00 00 00 02 02 0f 00 16 1b 02 03 09 06 01 00 02 07 00 ff 06 00 00 00 34 02 02 
0f 00 16 1b 02 03 09 06 01 00 03 07 00 ff 06 00 00 00 00 02 02 0f 00 16 1d 02 03 09 06 01 00 04 07 00 ff 06 00 00 00 71 
02 02 0f 00 16 1d 02 03 09 06 01 00 1f 07 00 ff 10 00 01 02 02 0f ff 16 21 02 03 09 06 01 00 33 07 00 ff 10 ff ff 02 02 
0f ff 16 21 02 03 09 06 01 00 47 07 00 ff 10 ff fe 02 02 0f ff 16 21 02 03 09 06 01 00 20 07 00 ff 12 09 27 02 02 0f ff 
16 23 02 03 09 06 01 00 34 07 00 ff 12 09 2b 02 02 0f ff 16 23 02 03 09 06 01 00 48 07 00 ff 12 09 2d 02 02 0f ff 16 23 
e4 63 7e 7e a0 2a 41 08 83 13 04 13 e6 e7 00 0f 40 00 00 00 00 01 01 02 03 09 06 01 00 01 07 00 ff 06 00 00 00 00 02 02 
0f 00 16 1b ae 27 7e 7e a0 2a 41 08 83 13 04 13 e6 e7 00 0f 40 00 00 00 00 01 01 02 03 09 06 01 00 01 07 00 ff 06 00 00 
00 00 02 02 0f 00 16 1b ae 27 7e 7e a0 2a 41 08 83 13 04 13 e6 e7 00 0f 40 00 00 00 00 01 01 02 03 09 06 01 00 01 07 00 
ff 06 00 00 00 00 02 02 0f 00 16 1b ae 27 7e 7e a1 1e 41 08 83 13 ee ee e6 e7 00 0f 40 00 00 00 00 01 0d 02 02 09 06 01 
01 00 02 81 ff 0a 0b 41 49 44 4f 4e 5f 56 30 30 30 31 02 02 09 06 00 00 60 01 00 ff 0a 10 37 33 35 39 39 39 32 39 32 35 
31 37 35 30 33 36 02 02 09 06 00 00 60 01 07 ff 0a 04 36 35 35 30 02 03 09 06 01 00 01 07 00 ff 06 00 00 00 00 02 02 0f 
00 16 1b 02 03 09 06 01 00 02 07 00 ff 06 00 00 00 3b 02 02 0f 00 16 1b 02 03 09 06 01 00 03 07 00 ff 06 00 00 00 00 02 
02 0f 00 16 1d 02 03 09 06 01 00 04 07 00 ff 06 00 00 00 70 02 02 0f 00 16 1d 02 03 09 06 01 00 1f 07 00 ff 10 00 01 02 
02 0f ff 16 21 02 03 09 06 01 00 33 07 00 ff 10 ff ff 02 02 0f ff 16 21 02 03 09 06 01 00 47 07 00 ff 10 ff fe 02 02 0f 
ff 16 21 02 03 09 06 01 00 20 07 00 ff 12 09 28 02 02 0f ff 16 23 02 03 09 06 01 00 34 07 00 ff 12 09 2c 02 02 0f ff 16 
23 02 03 09 06 01 00 48 07 00 ff 12 09 2f 02 02 0f ff 16 23 0c 80 7e 7e a0 2a 41 08 83 13 04 13 e6 e7 00 0f 40 00 00 00 
00 01 01 02 03 09 06 01 00 01 07 00 ff 06 00 00 00 00 02 02 0f 00 16 1b ae 27 7e 7e a0 2a 41 08 83 13 04 13 e6 e7 00 0f 
40 00 00 00 00 01 01 02 03 09 06 01 00 01 07 00 ff 06 00 00 00 00 02 02 0f 00 16 1b ae 27 7e 7e a0 2a 41 08 83 13 04 13 
e6 e7 00 0f 40 00 00 00 00 01 01 02 03 09 06 01 00 01 07 00 ff 06 00 00 00 00 02 02 0f 00 16 1b ae 27 7e 7e a1 1e 41 08 
83 13 ee ee e6 e7 00 0f 40 00 00 00 00 01 0d 02 02 09 06 01 01 00 02 81 ff 0a 0b 41 49 44 4f 4e 5f 56 30 30 30 31 02 02 
09 06 00 00 60 01 00 ff 0a 10 37 33 35 39 39 39 32 39 32 35 31 37 35 30 33 36 02 02 09 06 00 00 60 01 07 ff 0a 04 36 35 
35 30 02 03 09 06 01 00 01 07 00 ff 06 00 00 00 00 02 02 0f 00 16 1b 02 03 09 06 01 00 02 07 00 ff 06 00 00 00 38 02 02 
0f 00 16 1b 02 03 09 06 01 00 03 07 00 ff 06 00 00 00 00 02 02 0f 00 16 1d 02 03 09 06 01 00 04 07 00 ff 06 00 00 00 71 
02 02 0f 00 16 1d 02 03 09 06 01 00 1f 07 00 ff 10 00 01 02 02 0f ff 16 21 02 03 09 06 01 00 33 07 00 ff 10 ff ff 02 02 
0f ff 16 21 02 03 09 06 01 00 47 07 00 ff 10 ff fe 02 02 0f ff 16 21 02 03 09 06 01 00 20 07 00 ff 12 09 2a 02 02 0f ff 
16 23 02 03 09 06 01 00 34 07 00 ff 12 09 2d 02 02 0f ff 16 23 02 03 09 06 01 00 48 07 00 ff 12 09 30 02 02 0f ff 16 23 
84 40 7e 7e a0 2a 41 08 83 13 04 13 e6 e7 00 0f 40 00 00 00 00 01 01 02 03 09 06 01 00 01 07 00 ff 06 00 00 00 00 02 02 
0f 00 16 1b ae 27 7e 7e a0 2a 41 08 83 13 04 13 e6 e7 00 0f 40 00 00 00 00 01 01 02 03 09 06 01 00 01 07 00 ff 06 00 00 
00 00 02 02 0f 00 16 1b ae 27 7e 7e a0 2a 41 08 83 13 04 13 e6 e7 00 0f 40 00 00 00 00 01 01 02 03 09 06 01 00 01 07 00 
ff 06 00 00 00 00 02 02 0f 00 16 1b ae 27 7e 7e a1 1e 41 08 83 13 ee ee e6 e7 00 0f 40 00 00 00 00 01 0d 02 02 09 06 01 
01 00 02 81 ff 0a 0b 41 49 44 4f 4e 5f 56 30 30 30 31 02 02 09 06 00 00 60 01 00 ff 0a 10 37 33 35 39 39 39 32 39 32 35 
31 37 35 30 33 36 02 02 09 06 00 00 60 01 07 ff 0a 04 36 35 35 30 02 03 09 06 01 00 01 07 00 ff 06 00 00 00 00 02 02 0f 
00 16 1b 02 03 09 06 01 00 02 07 00 ff 06 00 00 00 2f 02 02 0f 00 16 1b 02 03 09 06 01 00 03 07 00 ff 06 00 00 00 00 02 
02 0f 00 16 1d 02 03 09 06 01 00 04 07 00 ff 06 00 00 00 71 02 02 0f 00 16 1d 02 03 09 06 01 00 1f 07 00 ff 10 00 01 02 
02 0f ff 16 21 02 03 09 06 01 00 33 07 00 ff 10 ff ff 02 02 0f ff 16 21 02 03 09 06 01 00 47 07 00 ff 10 ff fe 02 02 0f 
ff 16 21 02 03 09 06 01 00 20 07 00 ff 12 09 2b 02 02 0f ff 16 23 02 03 09 06 01 00 34 07 00 ff 12 09 2e 02 02 0f ff 16 
23 02 03 09 06 01 00 48 07 00 ff 12 09 31 02 02 0f ff 16 23 c3 d6 7e 7e a0 2a 41 08 83 13 04 13 e6 e7 00 0f 40 00 00 00 
00 01 01 02 03 09 06 01 00 01 07 00 ff 06 00 00 00 00 02 02 0f 00 16 1b ae 27 7e 7e a0 2a 41 08 83 13 04 13 e6 e7 00 0f 
40 00 00 00 00 01 01 02 03 09 06 01 00 01 07 00 ff 06 00 00 00 00 02 02 0f 00 16 1b ae 27 7e 7e a0 2a 41 08 83 13 04 13 
e6 e7 00 0f 40 00 00 00 00 01 01 02 03 09 06 01 00 01 07 00 ff 06 00 00 00 00 02 02 0f 00 16 1b ae 27 7e 7e a1 1e 41 08 
83 13 ee ee e6 e7 00 0f 40 00 00 00 00 01 0d 02 02 09 06 01 01 00 02 81 ff 0a 0b 41 49 44 4f 4e 5f 56 30 30 30 31 02 02 
09 06 00 00 60 01 00 ff 0a 10 37 33 35 39 39 39 32 39 32 35 31 37 35 30 33 36 02 02 09 06 00 00 60 01 07 ff 0a 04 36 35 
35 30 02 03 09 06 01 00 01 07 00 ff 06 00 00 00 00 02 02 0f 00 16 1b 02 03 09 06 01 00 02 07 00 ff 06 00 00 00 2b 02 02 
0f 00 16 1b 02 03 09 06 01 00 03 07 00 ff 06 00 00 00 00 02 02 0f 00 16 1d 02 03 09 06 01 00 04 07 00 ff 06 00 00 00 6f 
02 02 0f 00 16 1d 02 03 09 06 01 00 1f 07 00 ff 10 00 01 02 02 0f ff 16 21 02 03 09 06 01 00 33 07 00 ff 10 ff ff 02 02 
0f ff 16 21 02 03 09 06 01 00 47 07 00 ff 10 ff fe 02 02 0f ff 16 21 02 03 09 06 01 00 20 07 00 ff 12 09 29 02 02 0f ff 
16 23 02 03 09 06 01 00 34 07 00 ff 12 09 2b 02 02 0f ff 16 23 02 03 09 06 01 00 48 07 00 ff 12 09 2e 02 02 0f ff 16 23 
5d 0e 7e 7e a0 2a 41 08 83 13 04 13 e6 e7 00 0f 40 00 00 00 00 01 01 02 03 09 06 01 00 01 07 00 ff 06 00 00 00 00 02 02 
0f 00 16 1b ae 27 7e 7e a0 2a 41 08 83 13 04 13 e6 e7 00 0f 40 00 00 00 00 01 01 02 03 09 06 01 00 01 07 00 ff 06 00 00 
00 00 02 02 0f 00 16 1b ae 27 7e 7e a0 2a 41 08 83 13 04 13 e6 e7 00 0f 40 00 00 00 00 01 01 02 03 09 06 01 00 01 07 00 
ff 06 00 00 00 00 02 02 0f 00 16 1b ae 27 7e 7e a1 1e 41 08 83 13 ee ee e6 e7 00 0f 40 00 00 00 00 01 0d 02 02 09 06 01 
01 00 02 81 ff 0a 0b 41 49 44 4f 4e 5f 56 30 30 30 31 02 02 09 06 00 00 60 01 00 ff 0a 10 37 33 35 39 39 39 32 39 32 35 
31 37 35 30 33 36 02 02 09 06 00 00 60 01 07 ff 0a 04 36 35 35 30 02 03 09 06 01 00 01 07 00 ff 06 00 00 00 00 02 02 0f 
00 16 1b 02 03 09 06 01 00 02 07 00 ff 06 00 00 00 27 02 02 0f 00 16 1b 02 03 09 06 01 00 03 07 00 ff 06 00 00 00 00 02 
02 0f 00 16 1d 02 03 09 06 01 00 04 07 00 ff 06 00 00 00 70 02 02 0f 00 16 1d 02 03 09 06 01 00 1f 07 00 ff 10 00 01 02 
02 0f ff 16 21 02 03 09 06 01 00 33 07 00 ff 10 ff ff 02 02 0f ff 16 21 02 03 09 06 01 00 47 07 00 ff 10 ff fe 02 02 0f 
ff 16 21 02 03 09 06 01 00 20 07 00 ff 12 09 28 02 02 0f ff 16 23 02 03 09 06 01 00 34 07 00 ff 12 09 2b 02 02 0f ff 16 
23 02 03 09 06 01 00 48 07 00 ff 12 09 2e 02 02 0f ff 16 23 29 fd 7e 7e a0 2a 41 08 83 13 04 13 e6 e7 00 0f 40 00 00 00 
00 01 01 02 03 09 06 01 00 01 07 00 ff 06 00 00 00 00 02 02 0f 00 16 1b ae 27 7e 7e a0 2a 41 08 83 13 04 13 e6 e7 00 0f 
40 00 00 00 00 01 01 02 03 09 06 01 00 01 07 00 ff 06 00 00 00 00 02 02 0f 00 16 1b ae 27 7e 7e a0 2a 41 08 83 13 04 13 
e6 e7 00 0f 40 00 00 00 00 01 01 02 03 09 06 01 00 01 07 00 ff 06 00 00 00 00 02 02 0f 00 16 1b ae 27 7e 7e a1 1e 41 08 
83 13 ee ee e6 e7 00 0f 40 00 00 00 00 01 0d 02 02 09 06 01 01 00 02 81 ff 0a 0b 41 49 44 4f 4e 5f 56 30 30 30 31 02 02 
09 06 00 00 60 01 00 ff 0a 10 37 33 35 39 39 39 32 39 32 35 31 37 35 30 33 36 02 02 09 06 00 00 60 01 07 ff 0a 04 36 35 
35 30 02 03 09 06 01 00 01 07 00 ff 06 00 00 00 00 02 02 0f 00 16 1b 02 03 09 06 01 00 02 07 00 ff 06 00 00 00 2b 02 02 
0f 00 16 1b 02 03 09 06 01 00 03 07 00 ff 06 00 00 00 00 02 02 0f 00 16 1d 02 03 09 06 01 00 04 07 00 ff 06 00 00 00 71 
02 02 0f 00 16 1d 02 03 09 06 01 00 1f 07 00 ff 10 00 01 02 02 0f ff 16 21 02 03 09 06 01 00 33 07 00 ff 10 ff ff 02 02 
0f ff 16 21 02 03 09 06 01 00 47 07 00 ff 10 ff fe 02 02 0f ff 16 21 02 03 09 06 01 00 20 07 00 ff 12 09 2b 02 02 0f ff 
16 23 02 03 09 06 01 00 34 07 00 ff 12 09 2e 02 02 0f ff 16 23 02 03 09 06 01 00 48 07 00 ff 12 09 31 02 02 0f ff 16 23 
d5 e6 7e 7e a0 2a 41 08 83 13 04 13 e6 e7 00 0f 40 00 00 00 00 01 01 02 03 09 06 01 00 01 07 00 ff 06 00 00 00 00 02 02 
0f 00 16 1b ae 27 7e 7e a0 2a 41 08 83 13 04 13 e6 e7 00 0f 40 00 00 00 00 01 01 02 03 09 06 01 00 01 07 00 ff 06 00 00 
00 00 02 02 0f 00 16 1b ae 27 7e 7e a0 2a 41 08 83 13 04 13 e6 e7 00 0f 40 00 00 00 00 01 01 02 03 09 06 01 00 01 07 00 
ff 06 00 00 00 00 02 02 0f 00 16 1b ae 27 7e 7e a1 1e 41 08 83 13 ee ee e6 e7 00 0f 40 00 00 00 00 01 0d 02 02 09 06 01 
01 00 02 81 ff 0a 0b 41 49 44 4f 4e 5f 56 30 30 30 31 02 02 09 06 00 00 60 01 00 ff 0a 10 37 33 35 39 39 39 32 39 32 35 
31 37 35 30 33 36 02 02 09 06 00 00 60 01 07 ff 0a 04 36 35 35 30 02 03 09 06 01 00 01 07 00 ff 06 00 00 00 10 02 02 0f 
00 16 1b 02 03 09 06 01 00 02 07 00 ff 06 00 00 00 29 02 02 0f 00 16 1b 02 03 09 06 01 00 03 07 00 ff 06 00 00 00 00 02 
02 0f 00 16 1d 02 03 09 06 01 00 04 07 00 ff 06 00 00 00 71 02 02 0f 00 16 1d 02 03 09 06 01 00 1f 07 00 ff 10 00 01 02 
02 0f ff 16 21 02 03 09 06 01 00 33 07 00 ff 10 ff ff 02 02 0f ff 16 21 02 03 09 06 01 00 47 07 00 ff 10 ff fe 02 02 0f 
ff 16 21 02 03 09 06 01 00 20 07 00 ff 12 09 2c 02 02 0f ff 16 23 02 03 09 06 01 00 34 07 00 ff 12 09 2f 02 02 0f ff 16 
23 02 03 09 06 01 00 48 07 00 ff 12 09 32 02 02 0f ff 16 23 64 dc 7e 7e a0 2a 41 08 83 13 04 13 e6 e7 00 0f 40 00 00 00 
00 01 01 02 03 09 06 01 00 01 07 00 ff 06 00 00 00 00 02 02 0f 00 16 1b ae 27 7e 7e a0 2a 41 08 83 13 04 13 e6 e7 00 0f 
40 00 00 00 00 01 01 02 03 09 06 01 00 01 07 00 ff 06 00 00 00 00 02 02 0f 00 16 1b ae 27 7e 7e a0 2a 41 08 83 13 04 13 
e6 e7 00 0f 40 00 00 00 00 01 01 02 03 09 06 01 00 01 07 00 ff 06 00 00 00 00 02 02 0f 00 16 1b ae 27 7e 7e a1 1e 41 08 
83 13 ee ee e6 e7 00 0f 40 00 00 00 00 01 0d 02 02 09 06 01 01 00 02 81 ff 0a 0b 41 49 44 4f 4e 5f 56 30 30 30 31 02 02 
09 06 00 00 60 01 00 ff 0a 10 37 33 35 39 39 39 32 39 32 35 31 37 35 30 33 36 02 02 09 06 00 00 60 01 07 ff 0a 04 36 35 
35 30 02 03 09 06 01 00 01 07 00 ff 06 00 00 00 00 02 02 0f 00 16 1b 02 03 09 06 01 00 02 07 00 ff 06 00 00 00 2a 02 02 
0f 00 16 1b 02 03 09 06 01 00 03 07 00 ff 06 00 00 00 00 02 02 0f 00 16 1d 02 03 09 06 01 00 04 07 00 ff 06 00 00 00 71 
02 02 0f 00 16 1d 02 03 09 06 01 00 1f 07 00 ff 10 00 01 02 02 0f ff 16 21 02 03 09 06 01 00 33 07 00 ff 10 ff ff 02 02 
0f ff 16 21 02 03 09 06 01 00 47 07 00 ff 10 ff fe 02 02 0f ff 16 21 02 03 09 06 01 00 20 07 00 ff 12 09 2c 02 02 0f ff 
16 23 02 03 09 06 01 00 34 07 00 ff 12 09 2f 02 02 0f ff 16 23 02 03 09 06 01 00 48 07 00 ff 12 09 31 02 02 0f ff 16 23 
29 21 7e 7e a0 2a 41 08 83 13 04 13 e6 e7 00 0f 40 00 00 00 00 01 01 02 03 09 06 01 00 01 07 00 ff 06 00 00 00 29 02 02 
0f 00 16 1b 14 05 7e 7e a0 2a 41 08 83 13 04 13 e6 e7 00 0f 40 00 00 00 00 01 01 02 03 09 06 01 00 01 07 00 ff 06 00 00 
00 00 02 02 0f 00 16 1b ae 27 7e 7e a0 2a 41 08 83 13 04 13 e6 e7 00 0f 40 00 00 00 00 01 01 02 03 09 06 01 00 01 07 00 
ff 06 00 00 00 00 02 02 0f 00 16 1b ae 27 7e 7e a1 1e 41 08 83 13 ee ee e6 e7 00 0f 40 00 00 00 00 01 0d 02 02 09 06 01 
01 00 02 81 ff 0a 0b 41 49 44 4f 4e 5f 56 30 30 30 31 02 02 09 06 00 00 60 01 00 ff 0a 10 37 33 35 39 39 39 32 39 32 35 
31 37 35 30 33 36 02 02 09 06 00 00 60 01 07 ff 0a 04 36 35 35 30 02 03 09 06 01 00 01 07 00 ff 06 00 00 00 00 02 02 0f 
00 16 1b 02 03 09 06 01 00 02 07 00 ff 06 00 00 00 23 02 02 0f 00 16 1b 02 03 09 06 01 00 03 07 00 ff 06 00 00 00 00 02 
02 0f 00 16 1d 02 03 09 06 01 00 04 07 00 ff 06 00 00 00 72 02 02 0f 00 16 1d 02 03 09 06 01 00 1f 07 00 ff 10 00 01 02 
02 0f ff 16 21 02 03 09 06 01 00 33 07 00 ff 10 ff ff 02 02 0f ff 16 21 02 03 09 06 01 00 47 07 00 ff 10 ff fe 02 02 0f 
ff 16 21 02 03 09 06 01 00 20 07 00 ff 12 09 28 02 02 0f ff 16 23 02 03 09 06 01 00 34 07 00 ff 12 09 2b 02 02 0f ff 16 
23 02 03 09 06 01 00 48 07 00 ff 12 09 2e 02 02 0f ff 16 23 15 76 7e 7e a0 2a 41 08 83 13 04 13 e6 e7 00 0f 40 00 00 00 
00 01 01 02 03 09 06 01 00 01 07 00 ff 06 00 00 00 00 02 02 0f 00 16 1b ae 27 7e 