7e a1 1e 41 08 83 13 ee ee e6 e7 00 0f 40 00 00 00 00 01 0d 02 02 09 06 01 01 00 02 81 ff 0a 0b 41 49 44 4f 4e 5f 56 30 
30 30 31 02 02 09 06 00 00 60 01 00 ff 0a 10 37 33 35 39 39 39 32 39 32 31 30 32 31 33 35 31 02 02 09 06 00 00 60 01 07 
ff 0a 04 36 35 35 30 02 03 09 06 01 00 01 07 00 ff 06 00 00 00 00 02 02 0f 00 16 1b 02 03 09 06 01 00 02 07 00 ff 06 00 
00 05 05 02 02 0f 00 16 1b 02 03 09 06 01 00 03 07 00 ff 06 00 00 00 00 02 02 0f 00 16 1d 02 03 09 06 01 00 04 07 00 ff 
06 00 00 00 4f 02 02 0f 00 16 1d 02 03 09 06 01 00 1f 07 00 ff 10 ff f1 02 02 0f ff 16 21 02 03 09 06 01 00 33 07 00 ff 
10 ff f0 02 02 0f ff 16 21 02 03 09 06 01 00 47 07 00 ff 10 ff ef 02 02 0f ff 16 21 02 03 09 06 01 00 20 07 00 ff 12 09 
2a 02 02 0f ff 16 23 02 03 09 06 01 00 34 07 00 ff 12 09 24 02 02 0f ff 16 23 02 03 09 06 01 00 48 07 00 ff 12 09 27 02 
02 0f ff 16 23 f8 cc 7e 7e a0 2a 41 08 83 13 04 13 e6 e7 00 0f 40 00 00 00 00 01 01 02 03 09 06 01 00 01 07 00 ff 06 00 
00 00 00 02 02 0f 00 16 1b ae 27 7e 7e a0 2a 41 08 83 13 04 13 e6 e7 00 0f 40 00 00 00 00 01 01 02 03 09 06 01 00 01 07 
00 ff 06 00 00 00 00 02 02 0f 00 16 1b ae 27 7e 7e a0 2a 41 08 83 13 04 13 e6 e7 00 0f 40 00 00 00 00 01 01 02 03 09 06 
01 00 01 07 00 ff 06 00 00 00 00 02 02 0f 00 16 1b ae 27 7e 7e a1 1e 41 08 83 13 ee ee e6 e7 00 0f 40 00 00 00 00 01 0d 
02 02 09 06 01 01 00 02 81 ff 0a 0b 41 49 44 4f 4e 5f 56 30 30 30 31 02 02 09 06 00 00 60 01 00 ff 0a 10 37 33 35 39 39 
39 32 39 32 31 30 32 31 33 35 31 02 02 09 06 00 00 60 01 07 ff 0a 04 36 35 35 30 02 03 09 06 01 00 01 07 00 ff 06 00 00 
00 00 02 02 0f 00 16 1b 02 03 09 06 01 00 02 07 00 ff 06 00 00 05 91 02 02 0f 00 16 1b 02 03 09 06 01 00 03 07 00 ff 06 
00 00 00 00 02 02 0f 00 16 1d 02 03 09 06 01 00 04 07 00 ff 06 00 00 00 1f 02 02 0f 00 16 1d 02 03 09 06 01 00 1f 07 00 
ff 10 ff ef 02 02 0f ff 16 21 02 03 09 06 01 00 33 07 00 ff 10 ff ee 02 02 0f ff 16 21 02 03 09 06 01 00 47 07 00 ff 10 
ff ed 02 02 0f ff 16 21 02 03 09 06 01 00 20 07 00 ff 12 09 2e 02 02 0f ff 16 23 02 03 09 06 01 00 34 07 00 ff 12 09 29 
02 02 0f ff 16 23 02 03 09 06 01 00 48 07 00 ff 12 09 2c 02 02 0f ff 16 23 90 ff 7e 7e a0 2a 41 08 83 13 04 13 e6 e7 00 
0f 40 00 00 00 00 01 01 02 03 09 06 01 00 01 07 00 ff 06 00 00 00 00 02 02 0f 00 16 1b ae 27 7e 7e a0 2a 41 08 83 13 04 
13 e6 e7 00 0f 40 00 00 00 00 01 01 02 03 09 06 01 00 01 07 00 ff 06 00 00 00 00 02 02 0f 00 16 1b ae 27 7e 7e a0 2a 41 
08 83 13 04 13 e6 e7 00 0f 40 00 00 00 00 01 01 02 03 09 06 01 00 01 07 00 ff 06 00 00 00 00 02 02 0f 00 16 1b ae 27 7e 
7e a1 1e 41 08 83 13 ee ee e6 e7 00 0f 40 00 00 00 00 01 0d 02 02 09 06 01 01 00 02 81 ff 0a 0b 41 49 44 4f 4e 5f 56 30 
30 30 31 02 02 09 06 00 00 60 01 00 ff 0a 10 37 33 35 39 39 39 32 39 32 31 30 32 31 33 35 31 02 02 09 06 00 00 60 01 07 
ff 0a 04 36 35 35 30 02 03 09 06 01 00 01 07 00 ff 06 00 00 00 00 02 02 0f 00 16 1b 02 03 09 06 01 00 02 07 00 ff 06 00 
00 05 b2 02 02 0f 00 16 1b 02 03 09 06 01 00 03 07 00 ff 06 00 00 00 00 02 02 0f 00 16 1d 02 03 09 06 01 00 04 07 00 ff 
06 00 00 00 2c 02 02 0f 00 16 1d 02 03 09 06 01 00 1f 07 00 ff 10 ff ee 02 02 0f ff 16 21 02 03 09 06 01 00 33 07 00 ff 
10 ff ed 02 02 0f ff 16 21 02 03 09 06 01 00 47 07 00 ff 10 ff ec 02 02 0f ff 16 21 02 03 09 06 01 00 20 07 00 ff 12 09 
30 02 02 0f ff 16 23 02 03 09 06 01 00 34 07 00 ff 12 09 2b 02 02 0f ff 16 23 02 03 09 06 01 00 48 07 00 ff 12 09 2e 02 
02 0f ff 16 23 22 86 7e 7e a0 2a 41 08 83 13 04 13 e6 e7 00 0f 40 00 00 00 00 01 01 02 03 09 06 01 00 01 07 00 ff 06 00 
00 00 00 02 02 0f 00 16 1b ae 27 7e 7e a0 2a 41 08 83 13 04 13 e6 e7 00 0f 40 00 00 00 00 01 01 02 03 09 06 01 00 01 07 
00 ff 06 00 00 00 00 02 02 0f 00 16 1b ae 27 7e 7e a0 2a 41 08 83 13 04 13 e6 e7 00 0f 40 00 00 00 00 01 01 02 03 09 06 
01 00 01 07 00 ff 06 00 00 00 00 02 02 0f 00 16 1b ae 27 7e 7e a1 1e 41 08 83 13 ee ee e6 e7 00 0f 40 00 00 00 00 01 0d 
02 02 09 06 01 01 00 02 81 ff 0a 0b 41 49 44 4f 4e 5f 56 30 30 30 31 02 02 09 06 00 00 60 01 00 ff 0a 10 37 33 35 39 39 
39 32 39 32 31 30 32 31 33 35 31 02 02 09 06 00 00 60 01 07 ff 0a 04 36 35 35 30 02 03 09 06 01 00 01 07 00 ff 06 00 00 
00 00 02 02 0f 00 16 1b 02 03 09 06 01 00 02 07 00 ff 06 00 00 05 a6 02 02 0f 00 16 1b 02 03 09 06 01 00 03 07 00 ff 06 
00 00 00 00 02 02 0f 00 16 1d 02 03 09 06 01 00 04 07 00 ff 06 00 00 00 22 02 02 0f 00 16 1d 02 03 09 06 01 00 1f 07 00 
ff 10 ff ee 02 02 0f ff 16 21 02 03 09 06 01 00 33 07 00 ff 10 ff ee 02 02 0f ff 16 21 02 03 09 06 01 00 47 07 00 ff 10 
ff ec 02 02 0f ff 16 21 02 03 09 06 01 00 20 07 00 ff 12 09 2d 02 02 0f ff 16 23 02 03 09 06 01 00 34 07 00 ff 12 09 27 
02 02 0f ff 16 23 02 03 09 06 01 00 48 07 00 ff 12 09 2a 02 02 0f ff 16 23 e5 6a 7e 7e a0 2a 41 08 83 13 04 13 e6 e7 00 
0f 40 00 00 00 00 01 01 02 03 09 06 01 00 01 07 00 ff 06 00 00 00 00 02 02 0f 00 16 1b ae 27 7e 7e a0 2a 41 08 83 13 04 
13 e6 e7 00 0f 40 00 00 00 00 01 01 02 03 09 06 01 00 01 07 00 ff 06 00 00 00 00 02 02 0f 00 16 1b ae 27 7e 7e a0 2a 41 
08 83 13 04 13 e6 e7 00 0f 40 00 00 00 00 01 01 02 03 09 06 01 00 01 07 00 ff 06 00 00 00 00 02 02 0f 00 16 1b ae 27 7e 
7e a1 1e 41 08 83 13 ee ee e6 e7 00 0f 40 00 00 00 00 01 0d 02 02 09 06 01 01 00 02 81 ff 0a 0b 41 49 44 4f 4e 5f 56 30 
30 30 31 02 02 09 06 00 00 60 01 00 ff 0a 10 37 33 35 39 39 39 32 39 32 31 30 32 31 33 35 31 02 02 09 06 00 00 60 01 07 
ff 0a 04 36 35 35 30 02 03 09 06 01 00 01 07 00 ff 06 00 00 00 00 02 02 0f 00 16 1b 02 03 09 06 01 00 02 07 00 ff 06 00 
00 05 4d 02 02 0f 00 16 1b 02 03 09 06 01 00 03 07 00 ff 06 00 00 00 00 02 02 0f 00 16 1d 02 03 09 06 01 00 04 07 00 ff 
06 00 00 00 18 02 02 0f 00 16 1d 02 03 09 06 01 00 1f 07 00 ff 10 ff f0 02 02 0f ff 16 21 02 03 09 06 01 00 33 07 00 ff 
10 ff ef 02 02 0f ff 16 21 02 03 09 06 01 00 47 07 00 ff 10 ff ed 02 02 0f ff 16 21 02 03 09 06 01 00 20 07 00 ff 12 09 
2c 02 02 0f ff 16 23 02 03 09 06 01 00 34 07 00 ff 12 09 27 02 02 0f ff 16 23 02 03 09 06 01 00 48 07 00 ff 12 09 2a 02 
02 0f ff 16 23 cb 80 7e 7e a0 2a 41 08 83 13 04 13 e6 e7 00 0f 40 00 00 00 00 01 01 02 03 09 06 01 00 01 07 00 ff 06 00 
00 00 00 02 02 0f 00 16 1b ae 27 7e 7e a0 2a 41 08 83 13 04 13 e6 e7 00 0f 40 00 00 00 00 01 01 02 03 09 06 01 00 01 07 
00 ff 06 00 00 00 00 02 02 0f 00 16 1b ae 27 7e 7e a0 2a 41 08 83 13 04 13 e6 e7 00 0f 40 00 00 00 00 01 01 02 03 09 06 
01 00 01 07 00 ff 06 00 00 00 00 02 02 0f 00 16 1b ae 27 7e 7e a1 1e 41 08 83 13 ee ee e6 e7 00 0f 40 00 00 00 00 01 0d 
02 02 09 06 01 01 00 02 81 ff 0a 0b 41 49 44 4f 4e 5f 56 30 30 30 31 02 02 09 06 00 00 60 01 00 ff 0a 10 37 33 35 39 39 
39 32 39 32 31 30 32 31 33 35 31 02 02 09 06 00 00 60 01 07 ff 0a 04 36 35 35 30 02 03 09 06 01 00 01 07 00 ff 06 00 00 
00 00 02 02 0f 00 16 1b 02 03 09 06 01 00 02 07 00 ff 06 00 00 05 22 02 02 0f 00 16 1b 02 03 09 06 01 00 03 07 00 ff 06 
00 00 00 00 02 02 0f 00 16 1d 02 03 09 06 01 00 04 07 00 ff 06 00 00 00 4b 02 02 0f 00 16 1d 02 03 09 06 01 00 1f 07 00 
ff 10 ff f0 02 02 0f ff 16 21 02 03 09 06 01 00 33 07 00 ff 10 ff f0 02 02 0f ff 16 21 02 03 09 06 01 00 47 07 00 ff 10 
ff ee 02 02 0f ff 16 21 02 03 09 06 01 00 20 07 00 ff 12 09 30 02 02 0f ff 16 23 02 03 09 06 01 00 34 07 00 ff 12 09 29 
02 02 0f ff 16 23 02 03 09 06 01 00 48 07 00 ff 12 09 2d 02 02 0f ff 16 23 de 39 7e 7e a0 2a 41 08 83 13 04 13 e6 e7 00 
0f 40 00 00 00 00 01 01 02 03 09 06 01 00 01 07 00 ff 06 00 00 00 00 02 02 0f 00 16 1b ae 27 7e 7e a0 2a 41 08 83 13 04 
13 e6 e7 00 0f 40 00 00 00 00 01 01 02 03 09 06 01 00 01 07 00 ff 06 00 00 00 00 02 02 0f 00 16 1b ae 27 7e 7e a0 2a 41 
08 83 13 04 13 e6 e7 00 0f 40 00 00 00 00 01 01 02 03 09 06 01 00 01 07 00 ff 06 00 00 00 00 02 02 0f 00 16 1b ae 27 7e 
7e a1 1e 41 08 83 13 ee ee e6 e7 00 0f 40 00 00 00 00 01 0d 02 02 09 06 01 01 00 02 81 ff 0a 0b 41 49 44 4f 4e 5f 56 30 
30 30 31 02 02 09 06 00 00 60 01 00 ff 0a 10 37 33 35 39 39 39 32 39 32 31 30 32 31 33 35 31 02 02 09 06 00 00 60 01 07 
ff 0a 04 36 35 35 30 02 03 09 06 01 00 01 07 00 ff 06 00 00 00 00 02 02 0f 00 16 1b 02 03 09 06 01 00 02 07 00 ff 06 00 
00 04 9e 02 02 0f 00 16 1b 02 03 09 06 01 00 03 07 00 ff 06 00 00 00 00 02 02 0f 00 16 1d 02 03 09 06 01 00 04 07 00 ff 
06 00 00 00 59 02 02 0f 00 16 1d 02 03 09 06 01 00 1f 07 00 ff 10 ff f2 02 02 0f ff 16 21 02 03 09 06 01 00 33 07 00 ff 
10 ff f1 02 02 0f ff 16 21 02 03 09 06 01 00 47 07 00 ff 10 ff f0 02 02 0f ff 16 21 02 03 09 06 01 00 20 07 00 ff 12 09 
30 02 02 0f ff 16 23 02 03 09 06 01 00 34 07 00 ff 12 09 2a 02 02 0f ff 16 23 02 03 09 06 01 00 48 07 00 ff 12 09 2e 02 
02 0f ff 16 23 73 45 7e 7e a0 2a 41 08 83 13 04 13 e6 e7 00 0f 40 00 00 00 00 01 01 02 03 09 06 01 00 01 07 00 ff 06 00 
00 00 00 02 02 0f 00 16 1b ae 27 7e 7e a0 2a 41 08 83 13 04 13 e6 e7 00 0f 40 00 00 00 00 01 01 02 03 09 06 01 00 01 07 
00 ff 06 00 00 00 00 02 02 0f 00 16 1b ae 27 7e 7e a0 2a 41 08 83 13 04 13 e6 e7 00 0f 40 00 00 00 00 01 01 02 03 09 06 
01 00 01 07 00 ff 06 00 00 00 00 02 02 0f 00 16 1b ae 27 7e 7e a1 1e 41 08 83 13 ee ee e6 e7 00 0f 40 00 00 00 00 01 0d 
02 02 09 06 01 01 00 02 81 ff 0a 0b 41 49 44 4f 4e 5f 56 30 30 30 31 02 02 09 06 00 00 60 01 00 ff 0a 10 37 33 35 39 39 
39 32 39 32 31 30 32 31 33 35 31 02 02 09 06 00 00 60 01 07 ff 0a 04 36 35 35 30 02 03 09 06 01 00 01 07 00 ff 06 00 00 
00 00 02 02 0f 00 16 1b 02 03 09 06 01 00 02 07 00 ff 06 00 00 04 4f 02 02 0f 00 16 1b 02 03 09 06 01 00 03 07 00 ff 06 
00 00 00 00 02 02 0f 00 16 1d 02 03 09 06 01 00 04 07 00 ff 06 00 00 00 58 02 02 0f 00 16 1d 02 03 09 06 01 00 1f 07 00 
ff 10 ff f3 02 02 0f ff 16 21 02 03 09 06 01 00 33 07 00 ff 10 ff f2 02 02 0f ff 16 21 02 03 09 06 01 00 47 07 00 ff 10 
ff f1 02 02 0f ff 16 21 02 03 09 06 01 00 20 07 00 ff 12 09 2c 02 02 0f ff 16 23 02 03 09 06 01 00 34 07 00 ff 12 09 25 
02 02 0f ff 16 23 02 03 09 06 01 00 48 07 00 ff 12 09 2a 02 02 0f ff 16 23 8c 69 7e 7e a0 2a 41 08 83 13 04 13 e6 e7 00 
0f 40 00 00 00 00 01 01 02 03 09 06 01 00 01 07 00 ff 06 00 00 00 00 02 02 0f 00 16 1b ae 27 7e 7e a0 2a 41 08 83 13 04 
13 e6 e7 00 0f 40 00 00 00 00 01 01 02 03 09 06 01 00 01 07 00 ff 06 00 00 00 00 02 02 0f 00 16 1b ae 27 7e 7e a0 2a 41 
08 83 13 04 13 e6 e7 00 0f 40 00 00 00 00 01 01 02 03 09 06 01 00 01 07 00 ff 06 00 00 00 00 02 02 0f 00 16 1b ae 27 7e 
7e a1 1e 41 08 83 13 ee ee e6 e7 00 0f 40 00 00 00 00 01 0d 02 02 09 06 01 01 00 02 81 ff 0a 0b 41 49 44 4f 4e 5f 56 30 
30 30 31 02 02 09 06 00 00 60 01 00 ff 0a 10 37 33 35 39 39 39 32 39 32 31 30 32 31 33 35 31 02 02 09 06 00 00 60 01 07 
ff 0a 04 36 35 35 30 02 03 09 06 01 00 01 07 00 ff 06 00 00 00 00 02 02 0f 00 16 1b 02 03 09 06 01 00 02 07 00 ff 06 00 
00 04 21 02 02 0f 00 16 1b 02 03 09 06 01 00 03 07 00 ff 06 00 00 00 00 02 02 0f 00 16 1d 02 03 09 06 01 00 04 07 00 ff 
06 00 00 00 52 02 02 0f 00 16 1d 02 03 09 06 01 00 1f 07 00 ff 10 ff f4 02 02 0f ff 16 21 02 03 09 06 01 00 33 07 00 ff 
10 ff f3 02 02 0f ff 16 21 02 03 09 06 01 00 47 07 00 ff 10 ff f2 02 02 0f ff 16 21 02 03 09 06 01 00 20 07 00 ff 12 09 
2e 02 02 0f ff 16 23 02 03 09 06 01 00 34 07 00 ff 12 09 28 02 02 0f ff 16 23 02 03 09 06 01 00 48 07 00 ff 12 09 2d 02 
02 0f ff 16 23 b9 22 7e 7e a0 2a 41 08 83 13 04 13 e6 e7 00 0f 40 00 00 00 00 01 01 02 03 09 06 01 00 01 07 00 ff 06 00 
00 00 00 02 02 0f 00 16 1b ae 27 7e 7e a0 2a 41 08 83 13 04 13 e6 e7 00 0f 40 00 00 00 00 01 01 02 03 09 06 01 00 01 07 
00 ff 06 00 00 00 00 02 02 0f 00 16 1b ae 27 7e 7e a0 2a 41 08 83 13 04 13 e6 e7 00 0f 40 00 00 00 00 01 01 02 03 09 06 
01 00 01 07 00 ff 06 00 00 00 00 02 02 0f 00 16 1b ae 27 7e 7e a1 1e 41 08 83 13 ee ee e6 e7 00 0f 40 00 00 00 00 01 0d 
02 02 09 06 01 01 00 02 81 ff 0a 0b 41 49 44 4f 4e 5f 56 30 30 30 31 02 02 09 06 00 00 60 01 00 ff 0a 10 37 33 35 39 39 
39 32 39 32 31 30 32 31 33 35 31 02 02 09 06 00 00 60 01 07 ff 0a 04 36 35 35 30 02 03 09 06 01 00 01 07 00 ff 06 00 00 
00 00 02 02 0f 00 16 1b 02 03 09 06 01 00 02 07 00 ff 06 00 00 03 ed 02 02 0f 00 16 1b 02 03 09 06 01 00 03 07 00 ff 06 
00 00 00 00 02 02 0f 00 16 1d 02 03 09 06 01 00 04 07 00 ff 06 00 00 00 52 02 02 0f 00 16 1d 02 03 09 06 01 00 1f 07 00 
ff 10 ff f4 02 02 0f ff 16 21 02 03 09 06 01 00 33 07 00 ff 10 ff f3 02 02 0f ff 16 21 02 03 09 06 01 00 47 07 00 ff 10 
ff f2 02 02 0f ff 16 21 02 03 09 06 01 00 20 07 00 ff 12 09 2f 02 02 0f ff 16 23 02 03 09 06 01 00 34 07 00 ff 12 09 28 
02 02 0f ff 16 23 02 03 09 06 01 00 48 07 00 ff 12 09 2d 02 02 0f ff 16 23 6c 7f 7e 7e a0 2a 41 08 83 13 04 13 e6 e7 00 
0f 40 00 00 00 00 01 01 02 03 09 06 01 00 01 07 00 ff 06 00 00 00 00 02 02 0f 00 16 1b ae 27 7e 7e a0 2a 41 08 83 13 04 
13 e6 e7 00 0f 40 00 00 00 00 01 01 02 03 09 06 01 00 01 07 00 ff 06 00 00 00 00 02 02 0f 00 16 1b ae 27 7e 7e a0 2a 41 
08 83 13 04 13 e6 e7 00 0f 40 00 00 00 00 01 01 02 03 09 06 01 00 01 07 00 ff 06 00 00 00 00 02 02 0f 00 16 1b ae 27 7e 
7e a1 1e 41 08 83 13 ee ee e6 e7 00 0f 40 00 00 00 00 01 0d 02 02 09 06 01 01 00 02 81 ff 0a 0b 41 49 44 4f 4e 5f 56 30 
30 30 31 02 02 09 06 00 00 60 01 00 ff 0a 10 37 33 35 39 39 39 32 39 32 31 30 32 31 33 35 31 02 02 09 06 00 00 60 01 07 
ff 0a 04 36 35 35 30 02 03 09 06 01 00 01 07 00 ff 06 00 00 00 00 02 02 0f 00 16 1b 02 03 09 06 01 00 02 07 00 ff 06 00 
00 03 c6 02 02 0f 00 16 1b 02 03 09 06 01 00 03 07 00 ff 06 00 00 00 00 02 02 0f 00 16 1d 02 03 09 06 01 00 04 07 00 ff 
06 00 00 00 51 02 02 0f 00 16 1d 02 03 09 06 01 00 1f 07 00 ff 10 ff f5 02 02 0f ff 16 21 02 03 09 06 01 00 33 07 00 ff 
10 ff f4 02 02 0f ff 16 21 02 03 09 06 01 00 47 07 00 ff 10 ff f3 02 02 0f ff 16 21 02 03 09 06 01 00 20 07 00 ff 12 09 
2c 02 02 0f ff 16 23 02 03 09 06 01 00 34 07 00 ff 12 09 25 02 02 0f ff 16 23 02 03 09 06 01 00 48 07 00 ff 12 09 29 02 
02 0f ff 16 23 f0 1d 7e 7e a0 2a 41 08 83 13 04 13 e6 e7 00 0f 40 00 00 00 00 01 01 02 03 09 06 01 00 01 07 00 ff 06 00 
00 00 00 02 02 0f 00 16 1b ae 27 7e 7e a0 2a 41 08 83 13 04 13 e6 e7 00 0f 40 00 00 00 00 01 01 02 03 09 06 01 00 01 07 
00 ff 06 00 00 00 00 02 02 0f 00 16 1b ae 27 7e 7e a0 2a 41 08 83 13 04 13 e6 e7 00 0f 40 00 00 00 00 01 01 02 03 09 06 
01 00 01 07 00 ff 06 00 00 00 00 02 02 0f 00 16 1b ae 27 7e 7e a1 1e 41 08 83 13 ee ee e6 e7 00 0f 40 00 00 00 00 01 0d 
02 02 09 06 01 01 00 02 81 ff 0a 0b 41 49 44 4f 4e 5f 56 30 30 30 31 02 02 09 06 00 00 60 01 00 ff 0a 10 37 33 35 39 39 
39 32 39 32 31 30 32 31 33 35 31 02 02 09 06 00 00 60 01 07 ff 0a 04 36 35 35 30 02 03 09 06 01 00 01 07 00 ff 06 00 00 
00 00 02 02 0f 00 16 1b 02 03 09 06 01 00 02 07 00 ff 06 00 00 03 ac 02 02 0f 00 16 1b 02 03 09 06 01 00 03 07 00 ff 06 
00 00 00 00 02 02 0f 00 16 1d 02 03 09 06 01 00 04 07 00 ff 06 00 00 00 53 02 02 0f 00 16 1d 02 03 09 06 01 00 1f 07 00 
ff 10 ff f5 02 02 0f ff 16 21 02 03 09 06 01 00 33 07 00 ff 10 ff f4 02 02 0f ff 16 21 02 03 09 06 01 00 47 07 00 ff 10 
ff f3 02 02 0f ff 16 21 02 03 09 06 01 00 20 07 00 ff 12 09 2b 02 02 0f ff 16 23 02 03 09 06 01 00 34 07 00 ff 12 09 24 
02 02 0f ff 16 23 02 03 09 06 01 00 48 07 00 ff 12 09 28 02 02 0f ff 16 23 2b 9f 7e 7e a0 2a 41 08 83 13 04 13 e6 e7 00 
0f 40 00 00 00 00 01 01 02 03 09 06 01 00 01 07 00 ff 06 00 00 00 00 02 02 0f 00 16 1b ae 27 7e 7e a0 2a 41 08 83 13 04 
13 e6 e7 00 0f 40 00 00 00 00 01 01 02 03 09 06 01 00 01 07 00 ff 06 00 00 00 00 02 02 0f 00 16 1b ae 27 7e 7e a0 2a 41 
08 83 13 04 13 e6 e7 00 0f 40 00 00 00 00 01 01 02 03 09 06 01 00 01 07 00 ff 06 00 00 00 00 02 02 0f 00 16 1b ae 27 7e 
7e a1 1e 41 08 83 13 ee ee e6 e7 00 0f 40 00 00 00 00 01 0d 02 02 09 06 01 01 00 02 81 ff 0a 0b 41 49 44 4f 4e 5f 56 30 
30 30 31 02 02 09 06 00 00 60 01 00 ff 0a 10 37 33 35 39 39 39 32 39 32 31 30 32 31 33 35 31 02 02 09 06 00 00 60 01 07 
ff 0a 04 36 35 35 30 02 03 09 06 01 00 01 07 00 ff 06 00 00 00 00 02 02 0f 00 16 1b 02 03 09 06 01 00 02 07 00 ff 06 00 
00 03 8b 02 02 0f 00 16 1b 02 03 09 06 01 00 03 07 00 ff 06 00 00 00 00 02 02 0f 00 16 1d 02 03 09 06 01 00 04 07 00 ff 
06 00 00 00 4a 02 02 0f 00 16 1d 02 03 09 06 01 00 1f 07 00 ff 10 ff f5 02 02 0f ff 16 21 02 03 09 06 01 00 33 07 00 ff 
10 ff f5 02 02 0f ff 16 21 02 03 09 06 01 00 47 07 00 ff 10 ff f3 02 02 0f ff 16 21 02 03 09 06 01 00 20 07 00 ff 12 09 
29 02 02 0f ff 16 23 02 03 09 06 01 00 34 07 00 ff 12 09 22 02 02 0f ff 16 23 02 03 09 06 01 00 48 07 00 ff 12 09 27 02 
02 0f ff 16 23 ce 22 7e 7e a0 2a 41 08 83 13 04 13 e6 e7 00 0f 40 00 00 00 00 01 01 02 03 09 06 01 00 01 07 00 ff 06 00 
00 00 00 02 02 0f 00 16 1b ae 27 7e 7e a0 2a 41 08 83 13 04 13 e6 e7 00 0f 40 00 00 00 00 01 01 02 03 09 06 01 00 01 07 
00 ff 06 00 00 00 00 02 02 0f 00 16 1b ae 27 7e 7e a0 2a 41 08 83 13 04 13 e6 e7 00 0f 40 00 00 00 00 01 01 02 03 09 06 
01 00 01 07 00 ff 06 00 00 00 00 02 02 0f 00 16 1b ae 27 7e 7e a1 1e 41 08 83 13 ee ee e6 e7 00 0f 40 00 00 00 00 01 0d 
02 02 09 06 01 01 00 02 81 ff 0a 0b 41 49 44 4f 4e 5f 56 30 30 30 31 02 02 09 06 00 00 60 01 00 ff 0a 10 37 33 35 39 39 
39 32 39 32 31 30 32 31 33 35 31 02 02 09 06 00 00 60 01 07 ff 0a 04 36 35 35 30 02 03 09 06 01 00 01 07 00 ff 06 00 00 
00 00 02 02 0f 00 16 1b 02 03 09 06 01 00 02 07 00 ff 06 00 00 03 7e 02 02 0f 00 16 1b 02 03 09 06 01 00 03 07 00 ff 06 
00 00 00 00 02 02 0f 00 16 1d 02 03 09 06 01 00 04 07 00 ff 06 00 00 00 45 02 02 0f 00 16 1d 02 03 09 06 01 00 1f 07 00 
ff 10 ff f6 02 02 0f ff 16 21 02 03 09 06 01 00 33 07 00 ff 10 ff f5 02 02 0f ff 16 21 02 03 09 06 01 00 47 07 00 ff 10 
ff f4 02 02 0f ff 16 21 02 03 09 06 01 00 20 07 00 ff 12 09 27 02 02 0f ff 16 23 02 03 09 06 01 00 34 07 00 ff 12 09 21 
02 02 0f ff 16 23 02 03 09 06 01 00 48 07 00 ff 12 09 25 02 02 0f ff 16 23 b2 42 7e 