7e a0 2a 41 08 83 13 04 13 e6 e7 00 0f 40 00 00 00 00 01 01 02 03 09 06 01 00 01 07 00 ff 06 00 00 00 00 02 02 0f 00 16 
1b ae 27 7e 7e a1 1e 41 08 83 13 ee ee e6 e7 00 0f 40 00 00 00 00 01 0d 02 02 09 06 01 01 00 02 81 ff 0a 0b 41 49 44 4f 
4e 5f 56 30 30 30 31 02 02 09 06 00 00 60 01 00 ff 0a 10 37 33 35 39 39 39 32 39 32 31 30 32 31 33 35 31 02 02 09 06 00 
00 60 01 07 ff 0a 04 36 35 35 30 02 03 09 06 01 00 01 07 00 ff 06 00 00 00 00 02 02 0f 00 16 1b 02 03 09 06 01 00 02 07 
00 ff 06 00 00 02 79 02 02 0f 00 16 1b 02 03 09 06 01 00 03 07 00 ff 06 00 00 00 00 02 02 0f 00 16 1d 02 03 09 06 01 00 
04 07 00 ff 06 00 00 00 50 02 02 0f 00 16 1d 02 03 09 06 01 00 1f 07 00 ff 10 ff fa 02 02 0f ff 16 21 02 03 09 06 01 00 
33 07 00 ff 10 ff f8 02 02 0f ff 16 21 02 03 09 06 01 00 47 07 00 ff 10 ff f7 02 02 0f ff 16 21 02 03 09 06 01 00 20 07 
00 ff 12 09 20 02 02 0f ff 16 23 02 03 09 06 01 00 34 07 00 ff 12 09 1a 02 02 0f ff 16 23 02 03 09 06 01 00 48 07 00 ff 
12 09 1d 02 02 0f ff 16 23 e6 3c 7e 7e a0 2a 41 08 83 13 04 13 e6 e7 00 0f 40 00 00 00 00 01 01 02 03 09 06 01 00 01 07 
00 ff 06 00 00 00 00 02 02 0f 00 16 1b ae 27 7e 7e a0 2a 41 08 83 13 04 13 e6 e7 00 0f 40 00 00 00 00 01 01 02 03 09 06 
01 00 01 07 00 ff 06 00 00 00 00 02 02 0f 00 16 1b ae 27 7e 7e a0 2a 41 08 83 13 04 13 e6 e7 00 0f 40 00 00 00 00 01 01 
02 03 09 06 01 00 01 07 00 ff 06 00 00 00 00 02 02 0f 00 16 1b ae 27 7e 7e a1 1e 41 08 83 13 ee ee e6 e7 00 0f 40 00 00 
00 00 01 0d 02 02 09 06 01 01 00 02 81 ff 0a 0b 41 49 44 4f 4e 5f 56 30 30 30 31 02 02 09 06 00 00 60 01 00 ff 0a 10 37 
33 35 39 39 39 32 39 32 31 30 32 31 33 35 31 02 02 09 06 00 00 60 01 07 ff 0a 04 36 35 35 30 02 03 09 06 01 00 01 07 00 
ff 06 00 00 00 00 02 02 0f 00 16 1b 02 03 09 06 01 00 02 07 00 ff 06 00 00 02 76 02 02 0f 00 16 1b 02 03 09 06 01 00 03 
07 00 ff 06 00 00 00 00 02 02 0f 00 16 1d 02 03 09 06 01 00 04 07 00 ff 06 00 00 00 52 02 02 0f 00 16 1d 02 03 09 06 01 
00 1f 07 00 ff 10 ff fa 02 02 0f ff 16 21 02 03 09 06 01 00 33 07 00 ff 10 ff f8 02 02 0f ff 16 21 02 03 09 06 01 00 47 
07 00 ff 10 ff f7 02 02 0f ff 16 21 02 03 09 06 01 00 20 07 00 ff 12 09 23 02 02 0f ff 16 23 02 03 09 06 01 00 34 07 00 
ff 12 09 1d 02 02 0f ff 16 23 02 03 09 06 01 00 48 07 00 ff 12 09 20 02 02 0f ff 16 23 2a 97 7e 7e a0 2a 41 08 83 13 04 
13 e6 e7 00 0f 40 00 00 00 00 01 01 02 03 09 06 01 00 01 07 00 ff 06 00 00 00 00 02 02 0f 00 16 1b ae 27 7e 7e a0 2a 41 
08 83 13 04 13 e6 e7 00 0f 40 00 00 00 00 01 01 02 03 09 06 01 00 01 07 00 ff 06 00 00 00 00 02 02 0f 00 16 1b ae 27 7e 
7e a0 2a 41 08 83 13 04 13 e6 e7 00 0f 40 00 00 00 00 01 01 02 03 09 06 01 00 01 07 00 ff 06 00 00 00 00 02 02 0f 00 16 
1b ae 27 7e 7e a1 1e 41 08 83 13 ee ee e6 e7 00 0f 40 00 00 00 00 01 0d 02 02 09 06 01 01 00 02 81 ff 0a 0b 41 49 44 4f 
4e 5f 56 30 30 30 31 02 02 09 06 00 00 60 01 00 ff 0a 10 37 33 35 39 39 39 32 39 32 31 30 32 31 33 35 31 02 02 09 06 00 
00 60 01 07 ff 0a 04 36 35 35 30 02 03 09 06 01 00 01 07 00 ff 06 00 00 00 00 02 02 0f 00 16 1b 02 03 09 06 01 00 02 07 
00 ff 06 00 00 02 77 02 02 0f 00 16 1b 02 03 09 06 01 00 03 07 00 ff 06 00 00 00 00 02 02 0f 00 16 1d 02 03 09 06 01 00 
04 07 00 ff 06 00 00 00 4b 02 02 0f 00 16 1d 02 03 09 06 01 00 1f 07 00 ff 10 ff fa 02 02 0f ff 16 21 02 03 09 06 01 00 
33 07 00 ff 10 ff f8 02 02 0f ff 16 21 02 03 09 06 01 00 47 07 00 ff 10 ff f7 02 02 0f ff 16 21 02 03 09 06 01 00 20 07 
00 ff 12 09 22 02 02 0f ff 16 23 02 03 09 06 01 00 34 07 00 ff 12 09 1b 02 02 0f ff 16 23 02 03 09 06 01 00 48 07 00 ff 
12 09 1f 02 02 0f ff 16 23 7a 09 7e 7e a0 2a 41 08 83 13 04 13 e6 e7 00 0f 40 00 00 00 00 01 01 02 03 09 06 01 00 01 07 
00 ff 06 00 00 00 00 02 02 0f 00 16 1b ae 27 7e 7e a0 2a 41 08 83 13 04 13 e6 e7 00 0f 40 00 00 00 00 01 01 02 03 09 06 
01 00 01 07 00 ff 06 00 00 00 00 02 02 0f 00 16 1b ae 27 7e 7e a0 2a 41 08 83 13 04 13 e6 e7 00 0f 40 00 00 00 00 01 01 
02 03 09 06 01 00 01 07 00 ff 06 00 00 00 00 02 02 0f 00 16 1b ae 27 7e 7e a1 1e 41 08 83 13 ee ee e6 e7 00 0f 40 00 00 
00 00 01 0d 02 02 09 06 01 01 00 02 81 ff 0a 0b 41 49 44 4f 4e 5f 56 30 30 30 31 02 02 09 06 00 00 60 01 00 ff 0a 10 37 
33 35 39 39 39 32 39 32 31 30 32 31 33 35 31 02 02 09 06 00 00 60 01 07 ff 0a 04 36 35 35 30 02 03 09 06 01 00 01 07 00 
ff 06 00 00 00 00 02 02 0f 00 16 1b 02 03 09 06 01 00 02 07 00 ff 06 00 00 02 6c 02 02 0f 00 16 1b 02 03 09 06 01 00 03 
07 00 ff 06 00 00 00 00 02 02 0f 00 16 1d 02 03 09 06 01 00 04 07 00 ff 06 00 00 00 4e 02 02 0f 00 16 1d 02 03 09 06 01 
00 1f 07 00 ff 10 ff fa 02 02 0f ff 16 21 02 03 09 06 01 00 33 07 00 ff 10 ff f8 02 02 0f ff 16 21 02 03 09 06 01 00 47 
07 00 ff 10 ff f7 02 02 0f ff 16 21 02 03 09 06 01 00 20 07 00 ff 12 09 23 02 02 0f ff 16 23 02 03 09 06 01 00 34 07 00 
ff 12 09 1d 02 02 0f ff 16 23 02 03 09 06 01 00 48 07 00 ff 12 09 20 02 02 0f ff 16 23 9f 5c 7e 7e a0 2a 41 08 83 13 04 
13 e6 e7 00 0f 40 00 00 00 00 01 01 02 03 09 06 01 00 01 07 00 ff 06 00 00 00 00 02 02 0f 00 16 1b ae 27 7e 7e a0 2a 41 
08 83 13 04 13 e6 e7 00 0f 40 00 00 00 00 01 01 02 03 09 06 01 00 01 07 00 ff 06 00 00 00 00 02 02 0f 00 16 1b ae 27 7e 
7e a0 2a 41 08 83 13 04 13 e6 e7 00 0f 40 00 00 00 00 01 01 02 03 09 06 01 00 01 07 00 ff 06 00 00 00 00 02 02 0f 00 16 
1b ae 27 7e 7e a1 1e 41 08 83 13 ee ee e6 e7 00 0f 40 00 00 00 00 01 0d 02 02 09 06 01 01 00 02 81 ff 0a 0b 41 49 44 4f 
4e 5f 56 30 30 30 31 02 02 09 06 00 00 60 01 00 ff 0a 10 37 33 35 39 39 39 32 39 32 31 30 32 31 33 35 31 02 02 09 06 00 
00 60 01 07 ff 0a 04 36 35 35 30 02 03 09 06 01 00 01 07 00 ff 06 00 00 00 00 02 02 0f 00 16 1b 02 03 09 06 01 00 02 07 
00 ff 06 00 00 02 64 02 02 0f 00 16 1b 02 03 09 06 01 00 03 07 00 ff 06 00 00 00 00 02 02 0f 00 16 1d 02 03 09 06 01 00 
04 07 00 ff 06 00 00 00 49 02 02 0f 00 16 1d 02 03 09 06 01 00 1f 07 00 ff 10 ff fa 02 02 0f ff 16 21 02 03 09 06 01 00 
33 07 00 ff 10 ff f8 02 02 0f ff 16 21 02 03 09 06 01 00 47 07 00 ff 10 ff f7 02 02 0f ff 16 21 02 03 09 06 01 00 20 07 
00 ff 12 09 23 02 02 0f ff 16 23 02 03 09 06 01 00 34 07 00 ff 12 09 1c 02 02 0f ff 16 23 02 03 09 06 01 00 48 07 00 ff 
12 09 21 02 02 0f ff 16 23 cc f6 7e 7e a0 2a 41 08 83 13 04 13 e6 e7 00 0f 40 00 00 00 00 01 01 02 03 09 06 01 00 01 07 
00 ff 06 00 00 00 00 02 02 0f 00 16 1b ae 27 7e 7e a0 2a 41 08 83 13 04 13 e6 e7 00 0f 40 00 00 00 00 01 01 02 03 09 06 
01 00 01 07 00 ff 06 00 00 00 00 02 02 0f 00 16 1b ae 27 7e 7e a0 2a 41 08 83 13 04 13 e6 e7 00 0f 40 00 00 00 00 01 01 
02 03 09 06 01 00 01 07 00 ff 06 00 00 00 00 02 02 0f 00 16 1b ae 27 7e 7e a1 1e 41 08 83 13 ee ee e6 e7 00 0f 40 00 00 
00 00 01 0d 02 02 09 06 01 01 00 02 81 ff 0a 0b 41 49 44 4f 4e 5f 56 30 30 30 31 02 02 09 06 00 00 60 01 00 ff 0a 10 37 
33 35 39 39 39 32 39 32 31 30 32 31 33 35 31 02 02 09 06 00 00 60 01 07 ff 0a 04 36 35 35 30 02 03 09 06 01 00 01 07 00 
ff 06 00 00 00 00 02 02 0f 00 16 1b 02 03 09 06 01 00 02 07 00 ff 06 00 00 02 60 02 02 0f 00 16 1b 02 03 09 06 01 00 03 
07 00 ff 06 00 00 00 00 02 02 0f 00 16 1d 02 03 09 06 01 00 04 07 00 ff 06 00 00 00 50 02 02 0f 00 16 1d 02 03 09 06 01 
00 1f 07 00 ff 10 ff fa 02 02 0f ff 16 21 02 03 09 06 01 00 33 07 00 ff 10 ff f8 02 02 0f ff 16 21 02 03 09 06 01 00 47 
07 00 ff 10 ff f7 02 02 0f ff 16 21 02 03 09 06 01 00 20 07 00 ff 12 09 1f 02 02 0f ff 16 23 02 03 09 06 01 00 34 07 00 
ff 12 09 18 02 02 0f ff 16 23 02 03 09 06 01 00 48 07 00 ff 12 09 1c 02 02 0f ff 16 23 16 ae 7e 7e a0 2a 41 08 83 13 04 
13 e6 e7 00 0f 40 00 00 00 00 01 01 02 03 09 06 01 00 01 07 00 ff 06 00 00 00 00 02 02 0f 00 16 1b ae 27 7e 7e a0 2a 41 
08 83 13 04 13 e6 e7 00 0f 40 00 00 00 00 01 01 02 03 09 06 01 00 01 07 00 ff 06 00 00 00 00 02 02 0f 00 16 1b ae 27 7e 
7e a0 2a 41 08 83 13 04 13 e6 e7 00 0f 40 00 00 00 00 01 01 02 03 09 06 01 00 01 07 00 ff 06 00 00 00 00 02 02 0f 00 16 
1b ae 27 7e 7e a1 1e 41 08 83 13 ee ee e6 e7 00 0f 40 00 00 00 00 01 0d 02 02 09 06 01 01 00 02 81 ff 0a 0b 41 49 44 4f 
4e 5f 56 30 30 30 31 02 02 09 06 00 00 60 01 00 ff 0a 10 37 33 35 39 39 39 32 39 32 31 30 32 31 33 35 31 02 02 09 06 00 
00 60 01 07 ff 0a 04 36 35 35 30 02 03 09 06 01 00 01 07 00 ff 06 00 00 00 00 02 02 0f 00 16 1b 02 03 09 06 01 00 02 07 
00 ff 06 00 00 02 60 02 02 0f 00 16 1b 02 03 09 06 01 00 03 07 00 ff 06 00 00 00 00 02 02 0f 00 16 1d 02 03 09 06 01 00 
04 07 00 ff 06 00 00 00 52 02 02 0f 00 16 1d 02 03 09 06 01 00 1f 07 00 ff 10 ff fa 02 02 0f ff 16 21 02 03 09 06 01 00 
33 07 00 ff 10 ff f8 02 02 0f ff 16 21 02 03 09 06 01 00 47 07 00 ff 10 ff f7 02 02 0f ff 16 21 02 03 09 06 01 00 20 07 
00 ff 12 09 21 02 02 0f ff 16 23 02 03 09 06 01 00 34 07 00 ff 12 09 1b 02 02 0f ff 16 23 02 03 09 06 01 00 48 07 00 ff 
12 09 1e 02 02 0f ff 16 23 b0 fc 7e 7e a0 2a 41 08 83 13 04 13 e6 e7 00 0f 40 00 00 00 00 01 01 02 03 09 06 01 00 01 07 
00 ff 06 00 00 00 00 02 02 0f 00 16 1b ae 27 7e 7e a0 2a 41 08 83 13 04 13 e6 e7 00 0f 40 00 00 00 00 01 01 02 03 09 06 
01 00 01 07 00 ff 06 00 00 00 00 02 02 0f 00 16 1b ae 27 7e 7e a0 2a 41 08 83 13 04 13 e6 e7 00 0f 40 00 00 00 00 01 01 
02 03 09 06 01 00 01 07 00 ff 06 00 00 00 00 02 02 0f 00 16 1b ae 27 7e 7e a1 1e 41 08 83 13 ee ee e6 e7 00 0f 40 00 00 
00 00 01 0d 02 02 09 06 01 01 00 02 81 ff 0a 0b 41 49 44 4f 4e 5f 56 30 30 30 31 02 02 09 06 00 00 60 01 00 ff 0a 10 37 
33 35 39 39 39 32 39 32 31 30 32 31 33 35 31 02 02 09 06 00 00 60 01 07 ff 0a 04 36 35 35 30 02 03 09 06 01 00 01 07 00 
ff 06 00 00 00 00 02 02 0f 00 16 1b 02 03 09 06 01 00 02 07 00 ff 06 00 00 02 60 02 02 0f 00 16 1b 02 03 09 06 01 00 03 
07 00 ff 06 00 00 00 00 02 02 0f 00 16 1d 02 03 09 06 01 00 04 07 00 ff 06 00 00 00 50 02 02 0f 00 16 1d 02 03 09 06 01 
00 1f 07 00 ff 10 ff fa 02 02 0f ff 16 21 02 03 09 06 01 00 33 07 00 ff 10 ff f8 02 02 0f ff 16 21 02 03 09 06 01 00 47 
07 00 ff 10 ff f7 02 02 0f ff 16 21 02 03 09 06 01 00 20 07 00 ff 12 09 1f 02 02 0f ff 16 23 02 03 09 06 01 00 34 07 00 
ff 12 09 18 02 02 0f ff 16 23 02 03 09 06 01 00 48 07 00 ff 12 09 1d 02 02 0f ff 16 23 c3 31 7e 7e a0 2a 41 08 83 13 04 
13 e6 e7 00 0f 40 00 00 00 00 01 01 02 03 09 06 01 00 01 07 00 ff 06 00 00 00 00 02 02 0f 00 16 1b ae 27 7e 7e a0 2a 41 
08 83 13 04 13 e6 e7 00 0f 40 00 00 00 00 01 01 02 03 09 06 01 00 01 07 00 ff 06 00 00 00 00 02 02 0f 00 16 1b ae 27 7e 
7e a0 2a 41 08 83 13 04 13 e6 e7 00 0f 40 00 00 00 00 01 01 02 03 09 06 01 00 01 07 00 ff 06 00 00 00 00 02 02 0f 00 16 
1b ae 27 7e 7e a1 1e 41 08 83 13 ee ee e6 e7 00 0f 40 00 00 00 00 01 0d 02 02 09 06 01 01 00 02 81 ff 0a 0b 41 49 44 4f 
4e 5f 56 30 30 30 31 02 02 09 06 00 00 60 01 00 ff 0a 10 37 33 35 39 39 39 32 39 32 31 30 32 31 33 35 31 02 02 09 06 00 
00 60 01 07 ff 0a 04 36 35 35 30 02 03 09 06 01 00 01 07 00 ff 06 00 00 00 00 02 02 0f 00 16 1b 02 03 09 06 01 00 02 07 
00 ff 06 00 00 02 5f 02 02 0f 00 16 1b 02 03 09 06 01 00 03 07 00 ff 06 00 00 00 00 02 02 0f 00 16 1d 02 03 09 06 01 00 
04 07 00 ff 06 00 00 00 52 02 02 0f 00 16 1d 02 03 09 06 01 00 1f 07 00 ff 10 ff fa 02 02 0f ff 16 21 02 03 09 06 01 00 
33 07 00 ff 10 ff f8 02 02 0f ff 16 21 02 03 09 06 01 00 47 07 00 ff 10 ff f7 02 02 0f ff 16 21 02 03 09 06 01 00 20 07 
00 ff 12 09 21 02 02 0f ff 16 23 02 03 09 06 01 00 34 07 00 ff 12 09 19 02 02 0f ff 16 23 02 03 09 06 01 00 48 07 00 ff 
12 09 1d 02 02 0f ff 16 23 aa 4e 7e 7e a0 2a 41 08 83 13 04 13 e6 e7 00 0f 40 00 00 00 00 01 01 02 03 09 06 01 00 01 07 
00 ff 06 00 00 00 00 02 02 0f 00 16 1b ae 27 7e 7e a0 2a 41 08 83 13 04 13 e6 e7 00 0f 40 00 00 00 00 01 01 02 03 09 06 
01 00 01 07 00 ff 06 00 00 00 00 02 02 0f 00 16 1b ae 27 7e 7e a0 2a 41 08 83 13 04 13 e6 e7 00 0f 40 00 00 00 00 01 01 
02 03 09 06 01 00 01 07 00 ff 06 00 00 00 00 02 02 0f 00 16 1b ae 27 7e 7e a1 1e 41 08 83 13 ee ee e6 e7 00 0f 40 00 00 
00 00 01 0d 02 02 09 06 01 01 00 02 81 ff 0a 0b 41 49 44 4f 4e 5f 56 30 30 30 31 02 02 09 06 00 00 60 01 00 ff 0a 10 37 
33 35 39 39 39 32 39 32 31 30 32 31 33 35 31 02 02 09 06 00 00 60 01 07 ff 0a 04 36 35 35 30 02 03 09 06 01 00 01 07 00 
ff 06 00 00 00 00 02 02 0f 00 16 1b 02 03 09 06 01 00 02 07 00 ff 06 00 00 02 56 02 02 0f 00 16 1b 02 03 09 06 01 00 03 
07 00 ff 06 00 00 00 00 02 02 0f 00 16 1d 02 03 09 06 01 00 04 07 00 ff 06 00 00 00 4d 02 02 0f 00 16 1d 02 03 09 06 01 
00 1f 07 00 ff 10 ff fa 02 02 0f ff 16 21 02 03 09 06 01 00 33 07 00 ff 10 ff f8 02 02 0f ff 16 21 02 03 09 06 01 00 47 
07 00 ff 10 ff f7 02 02 0f ff 16 21 02 03 09 06 01 00 20 07 00 ff 12 09 24 02 02 0f ff 16 23 02 03 09 06 01 00 34 07 00 
ff 12 09 1c 02 02 0f ff 16 23 02 03 09 06 01 00 48 07 00 ff 12 09 21 02 02 0f ff 16 23 da 5a 7e 7e a0 2a 41 08 83 13 04 
13 e6 e7 00 0f 40 00 00 00 00 01 01 02 03 09 06 01 00 01 07 00 ff 06 00 00 00 00 02 02 0f 00 16 1b ae 27 7e 7e a0 2a 41 
08 83 13 04 13 e6 e7 00 0f 40 00 00 00 00 01 01 02 03 09 06 01 00 01 07 00 ff 06 00 00 00 00 02 02 0f 00 16 1b ae 27 7e 
7e a0 2a 41 08 83 13 04 13 e6 e7 00 0f 40 00 00 00 00 01 01 02 03 09 06 01 00 01 07 00 ff 06 00 00 00 00 02 02 0f 00 16 
1b ae 27 7e 7e a1 1e 41 08 83 13 ee ee e6 e7 00 0f 40 00 00 00 00 01 0d 02 02 09 06 01 01 00 02 81 ff 0a 0b 41 49 44 4f 
4e 5f 56 30 30 30 31 02 02 09 06 00 00 60 01 00 ff 0a 10 37 33 35 39 39 39 32 39 32 31 30 32 31 33 35 31 02 02 09 06 00 
00 60 01 07 ff 0a 04 36 35 35 30 02 03 09 06 01 00 01 07 00 ff 06 00 00 00 00 02 02 0f 00 16 1b 02 03 09 06 01 00 02 07 
00 ff 06 00 00 02 45 02 02 0f 00 16 1b 02 03 09 06 01 00 03 07 00 ff 06 00 00 00 00 02 02 0f 00 16 1d 02 03 09 06 01 00 
04 07 00 ff 06 00 00 00 4d 02 02 0f 00 16 1d 02 03 09 06 01 00 1f 07 00 ff 10 ff fa 02 02 0f ff 16 21 02 03 09 06 01 00 
33 07 00 ff 10 ff f9 02 02 0f ff 16 21 02 03 09 06 01 00 47 07 00 ff 10 ff f7 02 02 0f ff 16 21 02 03 09 06 01 00 20 07 
00 ff 12 09 21 02 02 0f ff 16 23 02 03 09 06 01 00 34 07 00 ff 12 09 1a 02 02 0f ff 16 23 02 03 09 06 01 00 48 07 00 ff 
12 09 1f 02 02 0f ff 16 23 f4 04 7e 7e a0 2a 41 08 83 13 04 13 e6 e7 00 0f 40 00 00 00 00 01 01 02 03 09 06 01 00 01 07 
00 ff 06 00 00 00 00 02 02 0f 00 16 1b ae 27 7e 7e a0 2a 41 08 83 13 04 13 e6 e7 00 0f 40 00 00 00 00 01 01 02 03 09 06 
01 00 01 07 00 ff 06 00 00 00 00 02 02 0f 00 16 1b ae 27 7e 7e a0 2a 41 08 83 13 04 13 e6 e7 00 0f 40 00 00 00 00 01 01 
02 03 09 06 01 00 01 07 00 ff 06 00 00 00 00 02 02 0f 00 16 1b ae 27 7e 7e a1 1e 41 08 83 13 ee ee e6 e7 00 0f 40 00 00 
00 00 01 0d 02 02 09 06 01 01 00 02 81 ff 0a 0b 41 49 44 4f 4e 5f 56 30 30 30 31 02 02 09 06 00 00 60 01 00 ff 0a 10 37 
33 35 39 39 39 32 39 32 31 30 32 31 33 35 31 02 02 09 06 00 00 60 01 07 ff 0a 04 36 35 35 30 02 03 09 06 01 00 01 07 00 
ff 06 00 00 00 00 02 02 0f 00 16 1b 02 03 09 06 01 00 02 07 00 ff 06 00 00 02 48 02 02 0f 00 16 1b 02 03 09 06 01 00 03 
07 00 ff 06 00 00 00 00 02 02 0f 00 16 1d 02 03 09 06 01 00 04 07 00 ff 06 00 00 00 4e 02 02 0f 00 16 1d 02 03 09 06 01 
00 1f 07 00 ff 10 ff fa 02 02 0f ff 16 21 02 03 09 06 01 00 33 07 00 ff 10 ff f8 02 02 0f ff 16 21 02 03 09 06 01 00 47 
07 00 ff 10 ff f7 02 02 0f ff 16 21 02 03 09 06 01 00 20 07 00 ff 12 09 1f 02 02 0f ff 16 23 02 03 09 06 01 00 34 07 00 
ff 12 09 17 02 02 0f ff 16 23 02 03 09 06 01 00 48 07 00 ff 12 09 1c 02 02 0f ff 16 23 0f a6 7e 7e a0 2a 41 08 83 13 04 
13 e6 e7 00 0f 40 00 00 00 00 01 01 02 03 09 06 01 00 01 07 00 ff 06 00 00 00 00 02 02 0f 00 16 1b ae 27 7e 7e a0 2a 41 
08 83 13 04 13 e6 e7 00 0f 40 00 00 00 00 01 01 02 03 09 06 01 00 01 07 00 ff 06 00 00 00 00 02 02 0f 00 16 1b ae 27 7e 
7e a0 2a 41 08 83 13 04 13 e6 e7 00 0f 40 00 00 00 00 01 01 02 03 09 06 01 00 01 07 00 ff 06 00 00 00 00 02 02 0f 00 16 
1b ae 27 7e 7e a1 1e 41 08 83 13 ee ee e6 e7 00 0f 40 00 00 00 00 01 0d 02 02 09 06 01 01 00 02 81 ff 0a 0b 41 49 44 4f 
4e 5f 56 30 30 30 31 02 02 09 06 00 00 60 01 00 ff 0a 10 37 33 35 39 39 39 32 39 32 31 30 32 31 33 35 31 02 02 09 06 00 
00 60 01 07 ff 0a 04 36 35 35 30 02 03 09 06 01 00 01 07 00 ff 06 00 00 00 00 02 02 0f 00 16 1b 02 03 09 06 01 00 02 07 
00 ff 06 00 00 02 39 02 02 0f 00 16 1b 02 03 09 06 01 00 03 07 00 ff 06 00 00 00 00 02 02 0f 00 16 1d 02 03 09 06 01 00 
04 07 00 ff 06 00 00 00 50 02 02 0f 00 16 1d 02 03 09 06 01 00 1f 07 00 ff 10 ff fa 02 02 0f ff 16 21 02 03 09 06 01 00 
33 07 00 ff 10 ff f9 02 02 0f ff 16 21 02 03 09 06 01 00 47 07 00 ff 10 ff f8 02 02 0f ff 16 21 02 03 09 06 01 00 20 07 
00 ff 12 09 20 02 02 0f ff 16 23 02 03 09 06 01 00 34 07 00 ff 12 09 19 02 02 0f ff 16 23 02 03 09 06 01 00 48 07 00 ff 
12 09 1e 02 02 0f ff 16 23 e8 8a 7e 7e a0 2a 41 08 83 13 04 13 e6 e7 00 0f 40 00 00 00 00 01 01 02 03 09 06 01 00 01 07 
00 ff 06 00 00 00 00 02 02 0f 00 16 1b ae 27 7e 7e a0 2a 41 08 83 13 04 13 e6 e7 00 0f 40 00 00 00 00 01 01 02 03 09 06 
01 00 01 07 00 ff 06 00 00 00 00 02 02 0f 00 16 1b ae 27 7e 7e a0 2a 41 08 83 13 04 13 e6 e7 00 0f 40 00 00 00 00 01 01 
02 03 09 06 01 00 01 07 00 ff 06 00 00 00 00 02 02 0f 00 16 1b ae 27 7e 7e a1 1e 41 08 83 13 ee ee e6 e7 00 0f 40 00 00 
00 00 01 0d 02 02 09 06 01 01 00 02 81 ff 0a 0b 41 49 44 4f 4e 5f 56 30 30 30 31 02 02 09 06 00 00 60 01 00 ff 0a 10 37 
33 35 39 39 39 32 39 32 31 30 32 31 33 35 31 02 02 09 06 00 00 60 01 07 ff 0a 04 36 35 35 30 02 03 09 06 01 00 01 07 00 
ff 06 00 00 00 00 02 02 0f 00 16 1b 02 03 09 06 01 00 02 07 00 ff 06 00 00 02 37 02 02 0f 00 16 1b 02 03 09 06 01 00 03 
07 00 ff 06 00 00 00 00 02 02 0f 00 16 1d 02 03 09 06 01 00 04 07 00 ff 06 00 00 00 54 02 02 0f 00 16 1d 02 03 09 06 01 
00 1f 07 00 ff 10 ff fa 02 02 0f ff 16 21 02 03 09 06 01 00 33 07 00 ff 10 ff f9 02 02 0f ff 16 21 02 03 09 06 01 00 47 
07 00 ff 10 ff f8 02 02 0f ff 16 21 02 03 09 06 01 00 20 07 00 ff 12 09 22 02 02 0f ff 16 23 02 03 09 06 01 00 34 07 00 
ff 12 09 1b 02 02 0f ff 16 23 02 03 09 06 01 00 48 07 00 ff 12 09 20 02 02 0f ff 16 23 30 12 7e 7e a0 2a 41 08 83 13 04 
13 e6 e7 00 0f 40 00 00 00 00 01 01 02 03 09 06 01 00 01 07 00 ff 06 00 00 00 00 02 02 0f 00 16 1b ae 27 7e 7e a0 2a 41 
08 83 13 04 13 e6 e7 00 0f 40 00 00 00 00 01 01 02 03 09 06 01 00 01 07 00 ff 06 00 00 00 00 02 02 0f 00 16 1b ae 27 7e 
7e a0 2a 41 08 83 13 04 13 e6 e7 00 0f 40 00 00 00 00 01 01 02 03 09 06 01 00 01 07 00 ff 06 00 00 00 00 02 02 0f 00 16 
1b ae 27 7e 7e a1 1e 41 08 83 13 ee ee e6 e7 00 0f 40 00 00 00 00 01 0d 02 02 09 06 01 01 00 02 81 ff 0a 0b 41 49 44 4f 
4e 5f 56 30 30 30 31 02 02 09 06 00 00 60 01 00 ff 0a 10 37 33 35 39 39 39 32 39 32 31 30 32 31 33 35 31 02 02 09 06 00 
00 60 01 07 ff 0a 04 36 35 35 30 02 03 09 06 01 00 01 07 00 ff 06 00 00 00 00 02 02 0f 00 16 1b 02 03 09 06 01 00 02 07 
00 ff 06 00 00 02 3d 02 02 0f 00 16 1b 02 03 09 06 01 00 03 07 00 ff 06 00 00 00 00 02 02 0f 00 16 1d 02 03 09 06 01 00 
04 07 00 ff 06 00 00 00 50 02 02 0f 00 16 1d 02 03 09 06 01 00 1f 07 00 ff 10 ff fa 02 02 0f ff 16 21 02 03 09 06 01 00 
33 07 00 ff 10 ff f9 02 02 0f ff 16 21 02 03 09 06 01 00 47 07 00 ff 10 ff f8 02 02 0f ff 16 21 02 03 09 06 01 00 20 07 
00 ff 12 09 23 02 02 0f ff 16 23 02 03 09 06 01 00 34 07 00 ff 12 09 1b 02 02 0f ff 16 23 02 03 09 06 01 00 48 07 00 ff 
12 09 20 02 02 0f ff 16 23 69 22 7e 7e a0 2a 41 08 83 13 04 13 e6 e7 00 0f 40 00 00 00 00 01 01 02 03 09 06 01 00 01 07 
00 ff 06 00 00 00 00 02 02 0f 00 16 1b ae 27 7e 7e a0 2a 41 08 83 13 04 13 e6 e7 00 0f 40 00 00 00 00 01 01 02 03 09 06 
01 00 01 07 00 ff 06 00 00 00 00 02 02 0f 00 16 1b ae 27 7e 7e a0 2a 41 08 83 13 04 13 e6 e7 00 0f 40 00 00 00 00 01 01 
02 03 09 06 01 00 01 07 00 ff 06 00 00 00 00 02 02 0f 00 16 1b ae 27 7e 7e a1 1e 41 08 83 13 ee ee e6 e7 00 0f 40 00 00 
00 00 01 0d 02 02 09 06 01 01 00 02 81 ff 0a 0b 41 49 44 4f 4e 5f 56 30 30 30 31 02 02 09 06 00 00 60 01 00 ff 0a 10 37 
33 35 39 39 39 32 39 32 31 30 32 31 33 35 31 02 02 09 06 00 00 60 01 07 ff 0a 04 36 35 35 30 02 03 09 06 01 00 01 07 00 
ff 06 00 00 00 00 02 02 0f 00 16 1b 02 03 09 06 01 00 02 07 00 ff 06 00 00 02 30 02 02 0f 00 16 1b 02 03 09 06 01 00 03 
07 00 ff 06 00 00 00 00 02 02 0f 00 16 1d 02 03 09 06 01 00 04 07 00 ff 06 00 00 00 50 02 02 0f 00 16 1d 02 03 09 06 01 
00 1f 07 00 ff 10 ff fa 02 02 0f ff 16 21 02 03 09 06 01 00 33 07 00 ff 10 ff f9 02 02 0f ff 16 21 02 03 09 06 01 00 47 
07 00 ff 10 ff f8 02 02 0f ff 16 21 02 03 09 06 01 00 20 07 00 ff 12 09 22 02 02 0f ff 16 23 02 03 09 06 01 00 34 07 00 
ff 12 09 1b 02 02 0f ff 16 23 02 03 09 06 01 00 48 07 00 ff 12 09 1f 02 02 0f ff 16 23 db 03 7e 7e a0 2a 41 08 83 13 04 
13 e6 e7 00 0f 40 00 00 00 00 01 01 02 03 09 06 01 00 01 07 00 ff 06 00 00 00 00 02 02 0f 00 16 1b ae 27 7e 7e a0 2a 41 
08 83 13 04 13 e6 e7 00 0f 40 00 00 00 00 01 01 02 03 09 06 01 00 01 07 00 ff 06 00 00 00 00 02 02 0f 00 16 1b ae 27 7e 
7e a0 2a 41 08 83 13 04 13 e6 e7 00 0f 40 00 00 00 00 01 01 02 03 09 06 01 00 01 07 00 ff 06 00 00 00 00 02 02 0f 00 16 
1b ae 27 7e 7e a1 1e 41 08 83 13 ee ee e6 e7 00 0f 40 00 00 00 00 01 0d 02 02 09 06 01 01 00 02 81 ff 0a 0b 41 49 44 4f 
4e 5f 56 30 30 30 31 02 02 09 06 00 00 60 01 00 ff 0a 10 37 33 35 39 39 39 32 39 32 31 30 32 31 33 35 31 02 02 09 06 00 
00 60 01 07 ff 0a 04 36 35 35 30 02 03 09 06 01 00 01 07 00 ff 06 00 00 00 00 02 02 0f 00 16 1b 02 03 09 06 01 00 02 07 
00 ff 06 00 00 02 28 02 02 0f 00 16 1b 02 03 09 06 01 00 03 07 00 ff 06 00 00 00 00 02 02 0f 00 16 1d 02 03 09 06 01 00 
04 07 00 ff 06 00 00 00 4d 02 02 0f 00 16 1d 02 03 09 06 01 00 1f 07 00 ff 10 ff fa 02 02 0f ff 16 21 02 03 09 06 01 00 
33 07 00 ff 10 ff f9 02 02 0f ff 16 21 02 03 09 06 01 00 47 07 00 ff 10 ff f8 02 02 0f ff 16 21 02 03 09 06 01 00 20 07 
00 ff 12 09 22 02 02 0f ff 16 23 02 03 09 06 01 00 34 07 00 ff 12 09 1b 02 02 0f ff 16 23 02 03 09 06 01 00 48 07 00 ff 
12 09 1f 02 02 0f ff 16 23 f0 8d 7e 7e a0 2a 41 08 83 13 04 13 e6 e7 00 0f 40 00 00 00 00 01 01 02 03 09 06 01 00 01 07 
00 ff 06 00 00 00 00 02 02 0f 00 16 1b ae 27 7e 7e a0 2a 41 08 83 13 04 13 e6 e7 00 0f 40 00 00 00 00 01 01 02 03 09 06 
01 00 01 07 00 ff 06 00 00 00 00 02 02 0f 00 16 1b ae 27 7e 7e a0 2a 41 08 83 13 04 13 e6 e7 00 0f 40 00 00 00 00 01 01 
02 03 09 06 01 00 01 07 00 ff 06 00 00 00 00 02 02 0f 00 16 1b ae 27 7e 7e a1 1e 41 08 83 13 ee ee e6 e7 00 0f 40 00 00 
00 00 01 0d 02 02 09 06 01 01 00 02 81 ff 0a 0b 41 49 44 4f 4e 5f 56 30 30 30 31 02 02 09 06 00 00 60 01 00 ff 0a 10 37 
33 35 39 39 39 32 39 32 31 30 32 31 33 35 31 02 02 09 06 00 00 60 01 07 ff 0a 04 36 35 35 30 02 03 09 06 01 00 01 07 00 
ff 06 00 00 00 00 02 02 0f 00 16 1b 02 03 09 06 01 00 02 07 00 ff 06 00 00 02 19 02 02 0f 00 16 1b 02 03 09 06 01 00 03 
07 00 ff 06 00 00 00 00 02 02 0f 00 16 1d 02 03 09 06 01 00 04 07 00 ff 06 00 00 00 46 02 02 0f 00 16 1d 02 03 09 06 01 
00 1f 07 00 ff 10 ff fb 02 02 0f ff 16 21 02 03 09 06 01 00 33 07 00 ff 10 ff f9 02 02 0f ff 16 21 02 03 09 06 01 00 47 
07 00 ff 10 ff f8 02 02 0f ff 16 21 02 03 09 06 01 00 20 07 00 ff 12 09 21 02 02 0f ff 16 23 02 03 09 06 01 00 34 07 00 
ff 12 09 1a 02 02 0f ff 16 23 02 03 09 06 01 00 48 07 00 ff 12 09 1f 02 02 0f ff 16 23 7d 0c 7e 7e a0 2a 41 08 83 13 04 
13 e6 e7 00 0f 40 00 00 00 00 01 01 02 03 09 06 01 00 01 07 00 ff 06 00 00 00 00 02 02 0f 00 16 1b ae 27 7e 7e a0 2a 41 
08 83 13 04 13 e6 e7 00 0f 40 00 00 00 00 01 01 02 03 09 06 01 00 01 07 00 ff 06 00 00 00 00 02 02 0f 00 16 1b ae 27 7e 
7e a0 2a 41 08 83 13 04 13 e6 e7 00 0f 40 00 00 00 00 01 01 02 03 09 06 01 00 01 07 00 ff 06 00 00 00 00 02 02 0f 00 16 
1b ae 27 7e 7e a1 1e 41 08 83 13 ee ee e6 e7 00 0f 40 00 00 00 00 01 0d 02 02 09 06 01 01 00 02 81 ff 0a 0b 41 49 44 4f 
4e 5f 56 30 30 30 31 02 02 09 06 00 00 60 01 00 ff 0a 10 37 33 35 39 39 39 32 39 32 31 30 32 31 33 35 31 02 02 09 06 00 
00 60 01 07 ff 0a 04 36 35 35 30 02 03 09 06 01 00 01 07 00 ff 06 00 00 00 00 02 02 0f 00 16 1b 02 03 09 06 01 00 02 07 
00 ff 06 00 00 02 2d 02 02 0f 00 16 1b 02 03 09 06 01 00 03 07 00 ff 06 00 00 00 00 02 02 0f 00 16 1d 02 03 09 06 01 00 
04 07 00 ff 06 00 00 00 4c 02 02 0f 00 16 1d 02 03 09 06 01 00 1f 07 00 ff 10 ff fa 02 02 0f ff 16 21 02 03 09 06 01 00 
33 07 00 ff 10 ff f9 02 02 0f ff 16 21 02 03 09 06 01 00 47 07 00 ff 10 ff f8 02 02 0f ff 16 21 02 03 09 06 01 00 20 07 
00 ff 12 09 20 02 02 0f ff 16 23 02 03 09 06 01 00 34 07 00 ff 12 09 18 02 02 0f ff 16 23 02 03 09 06 01 00 48 07 00 ff 
12 09 1e 02 02 0f ff 16 23 3c c4 7e 7e a0 2a 41 08 83 13 04 13 e6 e7 00 0f 40 00 00 00 00 01 01 02 03 09 06 01 00 01 07 
00 ff 06 00 00 00 00 02 02 0f 00 16 1b ae 27 7e 7e a0 2a 41 08 83 13 04 13 e6 e7 00 0f 40 00 00 00 00 01 01 02 03 09 06 
01 00 01 07 00 ff 06 00 00 00 00 02 02 0f 00 16 1b ae 27 7e 7e a0 2a 41 08 83 13 04 13 e6 e7 00 0f 40 00 00 00 00 01 01 
02 03 09 06 01 00 01 07 00 ff 06 00 00 00 00 02 02 0f 00 16 1b ae 27 7e 7e a1 1e 41 08 83 13 ee ee e6 e7 00 0f 40 00 00 
00 00 01 0d 02 02 09 06 01 01 00 02 81 ff 0a 0b 41 49 44 4f 4e 5f 56 30 30 30 31 02 02 09 06 00 00 60 01 00 ff 0a 10 37 
33 35 39 39 39 32 39 32 31 30 32 31 33 35 31 02 02 09 06 00 00 60 01 07 ff 0a 04 36 35 35 30 02 03 09 06 01 00 01 07 00 
ff 06 00 00 00 00 02 02 0f 00 16 1b 02 03 09 06 01 00 02 07 00 ff 06 00 00 02 2a 02 02 0f 00 16 1b 02 03 09 06 01 00 03 
07 00 ff 06 00 00 00 00 02 02 0f 00 16 1d 02 03 09 06 01 00 04 07 00 ff 06 00 00 00 4f 02 02 0f 00 16 1d 02 03 09 06 01 
00 1f 07 00 ff 10 ff fa 02 02 0f ff 16 21 02 03 09 06 01 00 33 07 00 ff 10 ff f9 02 02 0f ff 16 21 02 03 09 06 01 00 47 
07 00 ff 10 ff f8 02 02 0f ff 16 21 02 03 09 06 01 00 20 07 00 ff 12 09 22 02 02 0f ff 16 23 02 03 09 06 01 00 34 07 00 
ff 12 09 1c 02 02 0f ff 16 23 02 03 09 06 01 00 48 07 00 ff 12 09 21 02 02 0f ff 16 23 28 0c 7e 7e a0 2a 41 08 83 13 04 
13 e6 e7 00 0f 40 00 00 00 00 01 01 02 03 09 06 01 00 01 07 00 ff 06 00 00 00 00 02 02 0f 00 16 1b ae 27 7e 7e a0 2a 41 
08 83 13 04 13 e6 e7 00 0f 40 00 00 00 00 01 01 02 03 09 06 01 00 01 07 00 ff 06 00 00 00 00 02 02 0f 00 16 1b ae 27 7e 
7e a0 2a 41 08 83 13 04 13 e6 e7 00 0f 40 00 00 00 00 01 01 02 03 09 06 01 00 01 07 00 ff 06 00 00 00 00 02 02 0f 00 16 
1b ae 27 7e 7e a1 1e 41 08 83 13 ee ee e6 e7 00 0f 40 00 00 00 00 01 0d 02 02 09 06 01 01 00 02 81 ff 0a 0b 41 49 44 4f 
4e 5f 56 30 30 30 31 02 02 09 06 00 00 60 01 00 ff 0a 10 37 33 35 39 39 39 32 39 32 31 30 32 31 33 35 31 02 02 09 06 00 
00 60 01 07 ff 0a 04 36 35 35 30 02 03 09 06 01 00 01 07 00 ff 06 00 00 00 00 02 02 0f 00 16 1b 02 03 09 06 01 00 02 07 
00 ff 06 00 00 02 88 02 02 0f 00 16 1b 02 03 09 06 01 00 03 07 00 ff 06 00 00 00 00 02 02 0f 00 16 1d 02 03 09 06 01 00 
04 07 00 ff 06 00 00 00 3a 02 02 0f 00 16 1d 02 03 09 06 01 00 1f 07 00 ff 10 ff f9 02 02 0f ff 16 21 02 03 09 06 01 00 
33 07 00 ff 10 ff f8 02 02 0f ff 16 21 02 03 09 06 01 00 47 07 00 ff 10 ff f7 02 02 0f ff 16 21 02 03 09 06 01 00 20 07 
00 ff 12 09 23 02 02 0f ff 16 23 02 03 09 06 01 00 34 07 00 ff 12 09 1c 02 02 0f ff 16 23 02 03 09 06 01 00 48 07 00 ff 
12 09 21 02 02 0f ff 16 23 c6 78 7e 7e a0 2a 41 08 83 13 04 13 e6 e7 00 0f 40 00 00 00 00 01 01 02 03 09 06 01 00 01 07 
00 ff 06 00 00 00 00 02 02 0f 00 16 1b ae 27 7e 7e a0 2a 41 08 83 13 04 13 e6 e7 00 0f 40 00 00 00 00 01 01 02 03 09 06 
01 00 01 07 00 ff 06 00 00 00 00 02 02 0f 00 16 1b ae 27 7e 7e a0 2a 41 08 83 13 04 13 e6 e7 00 0f 40 00 00 00 00 01 01 
02 03 09 06 01 00 01 07 00 ff 06 00 00 00 00 02 02 0f 00 16 1b ae 27 7e 7e a1 1e 41 08 83 13 ee ee e6 e7 00 0f 40 00 00 
00 00 01 0d 02 02 09 06 01 01 00 02 81 ff 0a 0b 41 49 44 4f 4e 5f 56 30 30 30 31 02 02 09 06 00 00 60 01 00 ff 0a 10 37 
33 35 39 39 39 32 39 32 31 30 32 31 33 35 31 02 02 09 06 00 00 60 01 07 ff 0a 04 36 35 35 30 02 03 09 06 01 00 01 07 00 
ff 06 00 00 00 00 02 02 0f 00 16 1b 02 03 09 06 01 00 02 07 00 ff 06 00 00 04 a0 02 02 0f 00 16 1b 02 03 09 06 01 00 03 
07 00 ff 06 00 00 00 00 02 02 0f 00 16 1d 02 03 09 06 01 00 04 07 00 ff 06 00 00 00 2b 02 02 0f 00 16 1d 02 03 09 06 01 
00 1f 07 00 ff 10 ff f3 02 02 0f ff 16 21 02 03 09 06 01 00 33 07 00 ff 10 ff f1 02 02 0f ff 16 21 02 03 09 06 01 00 47 
07 00 ff 10 ff f0 02 02 0f ff 16 21 02 03 09 06 01 00 20 07 00 ff 12 09 24 02 02 0f ff 16 23 02 03 09 06 01 00 34 07 00 
ff 12 09 1e 02 02 0f ff 16 23 02 03 09 06 01 00 48 07 00 ff 12 09 21 02 02 0f ff 16 23 54 b4 7e 7e a0 2a 41 08 83 13 04 
13 e6 e7 00 0f 40 00 00 00 00 01 01 02 03 09 06 01 00 01 07 00 ff 06 00 00 00 00 02 02 0f 00 16 1b ae 27 7e 7e a0 2a 41 
08 83 13 04 13 e6 e7 00 0f 40 00 00 00 00 01 01 02 03 09 06 01 00 01 07 00 ff 06 00 00 00 00 02 02 0f 00 16 1b ae 27 7e 
7e a0 2a 41 08 83 13 04 13 e6 e7 00 0f 40 00 00 00 00 01 01 02 03 09 06 01 00 01 07 00 ff 06 00 00 00 00 02 02 0f 00 16 
1b ae 27 7e 7e a1 1e 41 08 83 13 ee ee e6 e7 00 0f 40 00 00 00 00 01 0d 02 02 09 06 01 01 00 02 81 ff 0a 0b 41 49 44 4f 
4e 5f 56 30 30 30 31 02 02 09 06 00 00 60 01 00 ff 0a 10 37 33 35 39 39 39 32 39 32 31 30 32 31 33 35 31 02 02 09 06 00 
00 60 01 07 ff 0a 04 36 35 35 30 02 03 09 06 01 00 01 07 00 ff 06 00 00 00 00 02 02 0f 00 16 1b 02 03 09 06 01 00 02 07 
00 ff 06 00 00 05 63 02 02 0f 00 16 1b 02 03 09 06 01 00 03 07 00 ff 06 00 00 00 00 02 02 0f 00 16 1d 02 03 09 06 01 00 
04 07 00 ff 06 00 00 00 43 02 02 0f 00 16 1d 02 03 09 06 01 00 1f 07 00 ff 10 ff f1 02 02 0f ff 16 21 02 03 09 06 01 00 
33 07 00 ff 10 ff ef 02 02 0f ff 16 21 02 03 09 06 01 00 47 07 00 ff 10 ff ee 02 02 0f ff 16 21 02 03 09 06 01 00 20 07 
00 ff 12 09 25 02 02 0f ff 16 23 02 03 09 06 01 00 34 07 00 ff 12 09 1f 02 02 0f ff 16 23 02 03 09 06 01 00 48 07 00 ff 
12 09 22 02 02 0f ff 16 23 c6 d8 7e 7e a0 2a 41 08 83 13 04 13 e6 e7 00 0f 40 00 00 00 00 01 01 02 03 09 06 01 00 01 07 
00 ff 06 00 00 00 00 02 02 0f 00 16 1b ae 27 7e 7e a0 2a 41 08 83 13 04 13 e6 e7 00 0f 40 00 00 00 00 01 01 02 03 09 06 
01 00 01 07 00 ff 06 00 00 00 00 02 02 0f 00 16 1b ae 27 7e 7e a0 2a 41 08 83 13 04 13 e6 e7 00 0f 40 00 00 00 00 01 01 
02 03 09 06 01 00 01 07 00 ff 06 00 00 00 00 02 02 0f 00 16 1b ae 27 7e 7e a1 1e 41 08 83 13 ee ee e6 e7 00 0f 40 00 00 
00 00 01 0d 02 02 09 06 01 01 00 02 81 ff 0a 0b 41 49 44 4f 4e 5f 56 30 30 30 31 02 02 09 06 00 00 60 01 00 ff 0a 10 37 
33 35 39 39 39 32 39 32 31 30 32 31 33 35 31 02 02 09 06 00 00 60 01 07 ff 0a 04 36 35 35 30 02 03 09 06 01 00 01 07 00 
ff 06 00 00 00 00 02 02 0f 00 16 1b 02 03 09 06 01 00 02 07 00 ff 06 00 00 05 a8 02 02 0f 00 16 1b 02 03 09 06 01 00 03 
07 00 ff 06 00 00 00 00 02 02 0f 00 16 1d 02 03 09 06 01 00 04 07 00 ff 06 00 00 00 55 02 02 0f 00 16 1d 02 03 09 06 01 
00 1f 07 00 ff 10 ff ef 02 02 0f ff 16 21 02 03 09 06 01 00 33 07 00 ff 10 ff ed 02 02 0f ff 16 21 02 03 09 06 01 00 47 
07 00 ff 10 ff ec 02 02 0f ff 16 21 02 03 09 06 01 00 20 07 00 ff 12 09 24 02 02 0f ff 16 23 02 03 09 06 01 00 34 07 00 
ff 12 09 1f 02 02 0f ff 16 23 02 03 09 06 01 00 48 07 00 ff 12 09 22 02 02 0f ff 16 23 e9 7d 7e 7e a0 2a 41 08 83 13 04 
13 e6 e7 00 0f 40 00 00 00 00 01 01 02 03 09 06 01 00 01 07 00 ff 06 00 00 00 00 02 02 0f 00 16 1b ae 27 7e 7e a0 2a 41 
08 83 13 04 13 e6 e7 00 0f 40 00 00 00 00 01 01 02 03 09 06 01 00 01 07 00 ff 06 00 00 00 00 02 02 0f 00 16 1b ae 27 7e 
7e a0 2a 41 08 83 13 04 13 e6 e7 00 0f 40 00 00 00 00 01 01 02 03 09 06 01 00 01 07 00 ff 06 00 00 00 00 02 02 0f 00 16 
1b ae 27 7e 7e a1 1e 41 08 83 13 ee ee e6 e7 00 0f 40 00 00 00 00 01 0d 02 02 09 06 01 01 00 02 81 ff 0a 0b 41 49 44 4f 
4e 5f 56 30 30 30 31 02 02 09 06 00 00 60 01 00 ff 0a 10 37 33 35 39 39 39 32 39 32 31 30 32 31 33 35 31 02 02 09 06 00 
00 60 01 07 ff 0a 04 36 35 35 30 02 03 09 06 01 00 01 07 00 ff 06 00 00 00 00 02 02 0f 00 16 1b 02 03 09 06 01 00 02 07 
00 ff 06 00 00 05 10 02 02 0f 00 16 1b 02 03 09 06 01 00 03 07 00 ff 06 00 00 00 00 02 02 0f 00 16 1d 02 03 09 06 01 00 
04 07 00 ff 06 00 00 00 69 02 02 0f 00 16 1d 02 03 09 06 01 00 1f 07 00 ff 10 ff f1 02 02 0f ff 16 21 02 03 09 06 01 00 
33 07 00 ff 10 ff ef 02 02 0f ff 16 21 02 03 09 06 01 00 47 07 00 ff 10 ff ee 02 02 0f ff 16 21 02 03 09 06 01 00 20 07 
00 ff 12 09 26 02 02 0f ff 16 23 02 03 09 06 01 00 34 07 00 ff 12 09 1f 02 02 0f ff 16 23 02 03 09 06 01 00 48 07 00 ff 
12 09 22 02 02 0f ff 16 23 9c ee 7e 7e a0 2a 41 08 83 13 04 13 e6 e7 00 0f 40 00 00 00 00 01 01 02 03 09 06 01 00 01 07 
00 ff 06 00 00 00 00 02 02 0f 00 16 1b ae 27 7e 7e a0 2a 41 08 83 13 04 13 e6 e7 00 0f 40 00 00 00 00 01 01 02 03 09 06 
01 00 01 07 00 ff 06 00 00 00 00 02 02 0f 00 16 1b ae 27 7e 7e a0 2a 41 08 83 13 04 13 e6 e7 00 0f 40 00 00 00 00 01 01 
02 03 09 06 01 00 01 07 00 ff 06 00 00 00 00 02 02 0f 00 16 1b ae 27 7e 7e a1 1e 41 08 83 13 ee ee e6 e7 00 0f 40 00 00 
00 00 01 0d 02 02 09 06 01 01 00 02 81 ff 0a 0b 41 49 44 4f 4e 5f 56 30 30 30 31 02 02 09 06 00 00 60 01 00 ff 0a 10 37 
33 35 39 39 39 32 39 32 31 30 32 31 33 35 31 02 02 09 06 00 00 60 01 07 ff 0a 04 36 35 35 30 02 03 09 06 01 00 01 07 00 
ff 06 00 00 00 00 02 02 0f 00 16 1b 02 03 09 06 01 00 02 07 00 ff 06 00 00 03 1f 02 02 0f 00 16 1b 02 03 09 06 01 00 03 
07 00 ff 06 00 00 00 00 02 02 0f 00 16 1d 02 03 09 06 01 00 04 07 00 ff 06 00 00 00 53 02 02 0f 00 16 1d 02 03 09 06 01 
00 1f 07 00 ff 10 ff f7 02 02 0f ff 16 21 02 03 09 06 01 00 33 07 00 ff 10 ff f6 02 02 0f ff 16 21 02 03 09 06 01 00 47 
07 00 ff 10 ff f5 02 02 0f ff 16 21 02 03 09 06 01 00 20 07 00 ff 12 09 24 02 02 0f ff 16 23 02 03 09 06 01 00 34 07 00 
ff 12 09 1e 02 02 0f ff 16 23 02 03 09 06 01 00 48 07 00 ff 12 09 22 02 02 0f ff 16 23 2d 43 7e 7e a0 2a 41 08 83 13 04 
13 e6 e7 00 0f 40 00 00 00 00 01 01 02 03 09 06 01 00 01 07 00 ff 06 00 00 00 00 02 02 0f 00 16 1b ae 27 7e 7e a0 2a 41 
08 83 13 04 13 e6 e7 00 0f 40 00 00 00 00 01 01 02 03 09 06 01 00 01 07 00 ff 06 00 00 00 00 02 02 0f 00 16 1b ae 27 7e 
7e a0 2a 41 08 83 13 04 13 e6 e7 00 0f 40 00 00 00 00 01 01 02 03 09 06 01 00 01 07 00 ff 06 00 00 00 00 02 02 0f 00 16 
1b ae 27 7e 7e a1 1e 41 08 83 13 ee ee e6 e7 00 0f 40 00 00 00 00 01 0d 02 02 09 06 01 01 00 02 81 ff 0a 0b 41 49 44 4f 
4e 5f 56 30 30 30 31 02 02 09 06 00 00 60 01 00 ff 0a 10 37 33 35 39 39 39 32 39 32 31 30 32 31 33 35 31 02 02 09 06 00 
00 60 01 07 ff 0a 04 36 35 35 30 02 03 09 06 01 00 01 07 00 ff 06 00 00 00 00 02 02 0f 00 16 1b 02 03 09 06 01 00 02 07 
00 ff 06 00 00 03 1e 02 02 0f 00 16 1b 02 03 09 06 01 00 03 07 00 ff 06 00 00 00 00 02 02 0f 00 16 1d 02 03 09 06 01 00 
04 07 00 ff 06 00 00 00 57 02 02 0f 00 16 1d 02 03 09 06 01 00 1f 07 00 ff 10 ff f7 02 02 0f ff 16 21 02 03 09 06 01 00 
33 07 00 ff 10 ff f6 02 02 0f ff 16 21 02 03 09 06 01 00 47 07 00 ff 10 ff f5 02 02 0f ff 16 21 02 03 09 06 01 00 20 07 
00 ff 12 09 23 02 02 0f ff 16 23 02 03 09 06 01 00 34 07 00 ff 12 09 1c 02 02 0f ff 16 23 02 03 09 06 01 00 48 07 00 ff 
12 09 20 02 02 0f ff 16 23 ce 92 7e 7e a0 2a 41 08 83 13 04 13 e6 e7 00 0f 40 00 00 00 00 01 01 02 03 09 06 01 00 01 07 
00 ff 06 00 00 00 00 02 02 0f 00 16 1b ae 27 7e 7e a0 2a 41 08 83 13 04 13 e6 e7 00 0f 40 00 00 00 00 01 01 02 03 09 06 
01 00 01 07 00 ff 06 00 00 00 00 02 02 0f 00 16 1b ae 27 7e 7e a0 2a 41 08 83 13 04 13 e6 e7 00 0f 40 00 00 00 00 01 01 
02 03 09 06 01 00 01 07 00 ff 06 00 00 00 00 02 02 0f 00 16 1b ae 27 7e 7e a1 1e 41 08 83 13 ee ee e6 e7 00 0f 40 00 00 
00 00 01 0d 02 02 09 06 01 01 00 02 81 ff 0a 0b 41 49 44 4f 4e 5f 56 30 30 30 31 02 02 09 06 00 00 60 01 00 ff 0a 10 37 
33 35 39 39 39 32 39 32 31 30 32 31 33 35 31 02 02 09 06 00 00 60 01 07 ff 0a 04 36 35 35 30 02 03 09 06 01 00 01 07 00 
ff 06 00 00 00 00 02 02 0f 00 16 1b 02 03 09 06 01 00 02 07 00 ff 06 00 00 02 e3 02 02 0f 00 16 1b 02 03 09 06 01 00 03 
07 00 ff 06 00 00 00 00 02 02 0f 00 16 1d 02 03 09 06 01 00 04 07 00 ff 06 00 00 00 54 02 02 0f 00 16 1d 02 03 09 06 01 
00 1f 07 00 ff 10 ff f8 02 02 0f ff 16 21 02 03 09 06 01 00 33 07 00 ff 10 ff f6 02 02 0f ff 16 21 02 03 09 06 01 00 47 
07 00 ff 10 ff f6 02 02 0f ff 16 21 02 03 09 06 01 00 20 07 00 ff 12 09 21 02 02 0f ff 16 23 02 03 09 06 01 00 34 07 00 
ff 12 09 19 02 02 0f ff 16 23 02 03 09 06 01 00 48 07 00 ff 12 09 1d 02 02 0f ff 16 23 6a f9 7e 7e a0 2a 41 08 83 13 04 
13 e6 e7 00 0f 40 00 00 00 00 01 01 02 03 09 06 01 00 01 07 00 ff 06 00 00 00 00 02 02 0f 00 16 1b ae 27 7e 7e a0 2a 41 
08 83 13 04 13 e6 e7 00 0f 40 00 00 00 00 01 01 02 03 09 06 01 00 01 07 00 ff 06 00 00 00 00 02 02 0f 00 16 1b ae 27 7e 
7e a0 2a 41 08 83 13 04 13 e6 e7 00 0f 40 00 00 00 00 01 01 02 03 09 06 01 00 01 07 00 ff 06 00 00 00 00 02 02 0f 00 16 
1b ae 27 7e 7e a1 1e 41 08 83 13 ee ee e6 e7 00 0f 40 00 00 00 00 01 0d 02 02 09 06 01 01 00 02 81 ff 0a 0b 41 49 44 4f 
4e 5f 56 30 30 30 31 02 02 09 06 00 00 60 01 00 ff 0a 10 37 33 35 39 39 39 32 39 32 31 30 32 31 33 35 31 02 02 09 06 00 
00 60 01 07 ff 0a 04 36 35 35 30 02 03 09 06 01 00 01 07 00 ff 06 00 00 00 00 02 02 0f 00 16 1b 02 03 09 06 01 00 02 07 
00 ff 06 00 00 02 21 02 02 0f 00 16 1b 02 03 09 06 01 00 03 07 00 ff 06 00 00 00 00 02 02 0f 00 16 1d 02 03 09 06 01 00 
04 07 00 ff 06 00 00 00 5b 02 02 0f 00 16 1d 02 03 09 06 01 00 1f 07 00 ff 10 ff fb 02 02 0f ff 16 21 02 03 09 06 01 00 
33 07 00 ff 10 ff f9 02 02 0f ff 16 21 02 03 09 06 01 00 47 07 00 ff 10 ff f8 02 02 0f ff 16 21 02 03 09 06 01 00 20 07 
00 ff 12 09 21 02 02 0f ff 16 23 02 03 09 06 01 00 34 07 00 ff 12 09 19 02 02 0f ff 16 23 02 03 09 06 01 00 48 07 00 ff 
12 09 1e 02 02 0f ff 16 23 c3 ca 7e 7e a0 2a 41 08 83 13 04 13 e6 e7 00 0f 40 00 00 00 00 01 01 02 03 09 06 01 00 01 07 
00 ff 06 00 00 00 00 02 02 0f 00 16 1b ae 27 7e 7e a0 2a 41 08 83 13 04 13 e6 e7 00 0f 40 00 00 00 00 01 01 02 03 09 06 
01 00 01 07 00 ff 06 00 00 00 00 02 02 0f 00 16 1b ae 27 7e 7e a0 2a 41 08 83 13 04 13 e6 e7 00 0f 40 00 00 00 00 01 01 
02 03 09 06 01 00 01 07 00 ff 06 00 00 00 00 02 02 0f 00 16 1b ae 27 7e 7e a1 1e 41 08 83 13 ee ee e6 e7 00 0f 40 00 00 
00 00 01 0d 02 02 09 06 01 01 00 02 81 ff 0a 0b 41 49 44 4f 4e 5f 56 30 30 30 31 02 02 09 06 00 00 60 01 00 ff 0a 10 37 
33 35 39 39 39 32 39 32 31 30 32 31 33 35 31 02 02 09 06 00 00 60 01 07 ff 0a 04 36 35 35 30 02 03 09 06 01 00 01 07 00 
ff 06 00 00 00 00 02 02 0f 00 16 1b 02 03 09 06 01 00 02 07 00 ff 06 00 00 01 e3 02 02 0f 00 16 1b 02 03 09 06 01 00 03 
07 00 ff 06 00 00 00 00 02 02 0f 00 16 1d 02 03 09 06 01 00 04 07 00 ff 06 00 00 00 4f 02 02 0f 00 16 1d 02 03 09 06 01 
00 1f 07 00 ff 10 ff fb 02 02 0f ff 16 21 02 03 09 06 01 00 33 07 00 ff 10 ff fa 02 02 0f ff 16 21 02 03 09 06 01 00 47 
07 00 ff 10 ff f9 02 02 0f ff 16 21 02 03 09 06 01 00 20 07 00 ff 12 09 21 02 02 0f ff 16 23 02 03 09 06 01 00 34 07 00 
ff 12 09 1a 02 02 0f ff 16 23 02 03 09 06 01 00 48 07 00 ff 12 09 1f 02 02 0f ff 16 23 d0 50 7e 7e a0 2a 41 08 83 13 04 
13 e6 e7 00 0f 40 00 00 00 00 01 01 02 03 09 06 01 00 01 07 00 ff 06 00 00 00 00 02 02 0f 00 16 1b ae 27 7e 7e a0 2a 41 
08 83 13 04 13 e6 e7 00 0f 40 00 00 00 00 01 01 02 03 09 06 01 00 01 07 00 ff 06 00 00 00 00 02 02 0f 00 16 1b ae 27 7e 
7e a0 2a 41 08 83 13 04 13 e6 e7 00 0f 40 00 00 00 00 01 01 02 03 09 06 01 00 01 07 00 ff 06 00 00 00 00 02 02 0f 00 16 
1b ae 27 7e 7e a1 1e 41 08 83 13 ee ee e6 e7 00 0f 40 00 00 00 00 01 0d 02 02 09 06 01 01 00 02 81 ff 0a 0b 41 49 44 4f 
4e 5f 56 30 30 30 31 02 02 09 06 00 00 60 01 00 ff 0a 10 37 33 35 39 39 39 32 39 32 31 30 32 31 33 35 31 02 02 09 06 00 
00 60 01 07 ff 0a 04 36 35 35 30 02 03 09 06 01 00 01 07 00 ff 06 00 00 00 00 02 02 0f 00 16 1b 02 03 09 06 01 00 02 07 
00 ff 06 00 00 01 d7 02 02 0f 00 16 1b 02 03 09 06 01 00 03 07 00 ff 06 00 00 00 00 02 02 0f 00 16 1d 02 03 09 06 01 00 
04 07 00 ff 06 00 00 00 4e 02 02 0f 00 16 1d 02 03 09 06 01 00 1f 07 00 ff 10 ff fc 02 02 0f ff 16 21 02 03 09 06 01 00 
33 07 00 ff 10 ff fa 02 02 0f ff 16 21 02 03 09 06 01 00 47 07 00 ff 10 ff f9 02 02 0f ff 16 21 02 03 09 06 01 00 20 07 
00 ff 12 09 20 02 02 0f ff 16 23 02 03 09 06 01 00 34 07 00 ff 12 09 19 02 02 0f ff 16 23 02 03 09 06 01 00 48 07 00 ff 
12 09 1e 02 02 0f ff 16 23 30 f6 7e 7e a0 2a 41 08 83 13 04 13 e6 e7 00 0f 40 00 00 00 00 01 01 02 03 09 06 01 00 01 07 
00 ff 06 00 00 00 00 02 02 0f 00 16 1b ae 27 7e 7e a0 2a 41 08 83 13 04 13 e6 e7 00 0f 40 00 00 00 00 01 01 02 03 09 06 
01 00 01 07 00 ff 06 00 00 00 00 02 02 0f 00 16 1b ae 27 7e 7e a0 2a 41 08 83 13 04 13 e6 e7 00 0f 40 00 00 00 00 01 01 
02 03 09 06 01 00 01 07 00 ff 06 00 00 00 00 02 02 0f 00 16 1b ae 27 7e 7e a1 1e 41 08 83 13 ee ee e6 e7 00 0f 40 00 00 
00 00 01 0d 02 02 09 06 01 01 00 02 81 ff 0a 0b 41 49 44 4f 4e 5f 56 30 30 30 31 02 02 09 06 00 00 60 01 00 ff 0a 10 37 
33 35 39 39 39 32 39 32 31 30 32 31 33 35 31 02 02 09 06 00 00 60 01 07 ff 0a 04 36 35 35 30 02 03 09 06 01 00 01 07 00 
ff 06 00 00 00 00 02 02 0f 00 16 1b 02 03 09 06 01 00 02 07 00 ff 06 00 00 01 de 02 02 0f 00 16 1b 02 03 09 06 01 00 03 
07 00 ff 06 00 00 00 00 02 02 0f 00 16 1d 02 03 09 06 01 00 04 07 00 ff 06 00 00 00 4d 02 02 0f 00 16 1d 02 03 09 06 01 
00 1f 07 00 ff 10 ff fb 02 02 0f ff 16 21 02 03 09 06 01 00 33 07 00 ff 10 ff fa 02 02 0f ff 16 21 02 03 09 06 01 00 47 
07 00 ff 10 ff f9 02 02 0f ff 16 21 02 03 09 06 01 00 20 07 00 ff 12 09 20 02 02 0f ff 16 23 02 03 09 06 01 00 34 07 00 
ff 12 09 18 02 02 0f ff 16 23 02 03 09 06 01 00 48 07 00 ff 12 09 1e 02 02 0f ff 16 23 6b 40 7e 7e a0 2a 41 08 83 13 04 
13 e6 e7 00 0f 40 00 00 00 00 01 01 02 03 09 06 01 00 01 07 00 ff 06 00 00 00 00 02 02 0f 00 16 1b ae 27 7e 7e a0 2a 41 
08 83 13 04 13 e6 e7 00 0f 40 00 00 00 00 01 01 02 03 09 06 01 00 01 07 00 ff 06 00 00 00 00 02 02 0f 00 16 1b ae 27 7e 
7e a0 2a 41 08 83 13 04 13 e6 e7 00 0f 40 00 00 00 00 01 01 02 03 09 06 01 00 01 07 00 ff 06 00 00 00 00 02 02 0f 00 16 
1b ae 27 7e 7e a1 1e 41 08 83 13 ee ee e6 e7 00 0f 40 00 00 00 00 01 0d 02 02 09 06 01 01 00 02 81 ff 0a 0b 41 49 44 4f 
4e 5f 56 30 30 30 31 02 02 09 06 00 00 60 01 00 ff 0a 10 37 33 35 39 39 39 32 39 32 31 30 32 31 33 35 31 02 02 09 06 00 
00 60 01 07 ff 0a 04 36 35 35 30 02 03 09 06 01 00 01 07 00 ff 06 00 00 00 00 02 02 0f 00 16 1b 02 03 09 06 01 00 02 07 
00 ff 06 00 00 01 df 02 02 0f 00 16 1b 02 03 09 06 01 00 03 07 00 ff 06 00 00 00 00 02 02 0f 00 16 1d 02 03 09 06 01 00 
04 07 00 ff 06 00 00 00 4f 02 02 0f 00 16 1d 02 03 09 06 01 00 1f 07 00 ff 10 ff fc 02 02 0f ff 16 21 02 03 09 06 01 00 
33 07 00 ff 10 ff fa 02 02 0f ff 16 21 02 03 09 06 01 00 47 07 00 ff 10 ff f9 02 02 0f ff 16 21 02 03 09 06 01 00 20 07 
00 ff 12 09 21 02 02 0f ff 16 23 02 03 09 06 01 00 34 07 00 ff 12 09 1a 02 02 0f ff 16 23 02 03 09 06 01 00 48 07 00 ff 
12 09 1f 02 02 0f ff 16 23 86 3d 7e 7e a0 2a 41 08 83 13 04 13 e6 e7 00 0f 40 00 00 00 00 01 01 02 03 09 06 01 00 01 07 
00 ff 06 00 00 00 00 02 02 0f 00 16 1b ae 27 7e 7e a0 2a 41 08 83 13 04 13 e6 e7 00 0f 40 00 00 00 00 01 01 02 03 09 06 
01 00 01 07 00 ff 06 00 00 00 00 02 02 0f 00 16 1b ae 27 7e 7e a0 2a 41 08 83 13 04 13 e6 e7 00 0f 40 00 00 00 00 01 01 
02 03 09 06 01 00 01 07 00 ff 06 00 00 00 00 02 02 0f 00 16 1b ae 27 7e 7e a1 1e 41 08 83 13 ee ee e6 e7 00 0f 40 00 00 
00 00 01 0d 02 02 09 06 01 01 00 02 81 ff 0a 0b 41 49 44 4f 4e 5f 56 30 30 30 31 02 02 09 06 00 00 60 01 00 ff 0a 10 37 
33 35 39 39 39 32 39 32 31 30 32 31 33 35 31 02 02 09 06 00 00 60 01 07 ff 0a 04 36 35 35 30 02 03 09 06 01 00 01 07 00 
ff 06 00 00 00 00 02 02 0f 00 16 1b 02 03 09 06 01 00 02 07 00 ff 06 00 00 01 d6 02 02 0f 00 16 1b 02 03 09 06 01 00 03 
07 00 ff 06 00 00 00 00 02 02 0f 00 16 1d 02 03 09 06 01 00 04 07 00 ff 06 00 00 00 4f 02 02 0f 00 16 1d 02 03 09 06 01 
00 1f 07 00 ff 10 ff fc 02 02 0f ff 16 21 02 03 09 06 01 00 33 07 00 ff 10 ff fa 02 02 0f ff 16 21 02 03 09 06 01 00 47 
07 00 ff 10 ff f9 02 02 0f ff 16 21 02 03 09 06 01 00 20 07 00 ff 12 09 21 02 02 0f ff 16 23 02 03 09 06 01 00 34 07 00 
ff 12 09 1c 02 02 0f ff 16 23 02 03 09 06 01 00 48 07 00 ff 12 09 20 02 02 0f ff 16 23 db a5 7e 7e a0 2a 41 08 83 13 04 
13 e6 e7 00 0f 40 00 00 00 00 01 01 02 03 09 06 01 00 01 07 00 ff 06 00 00 00 00 02 02 0f 00 16 1b ae 27 7e 7e a0 2a 41 
08 83 13 04 13 e6 e7 00 0f 40 00 00 00 00 01 01 02 03 09 06 01 00 01 07 00 ff 06 00 00 00 00 02 02 0f 00 16 1b ae 27 7e 
7e a0 2a 41 08 83 13 04 13 e6 e7 00 0f 40 00 00 00 00 01 01 02 03 09 06 01 00 01 07 00 ff 06 00 00 00 00 02 02 0f 00 16 
1b ae 27 7e 7e a1 1e 41 08 83 13 ee ee e6 e7 00 0f 40 00 00 00 00 01 0d 02 02 09 06 01 01 00 02 81 ff 0a 0b 41 49 44 4f 
4e 5f 56 30 30 30 31 02 02 09 06 00 00 60 01 00 ff 0a 10 37 33 35 39 39 39 32 39 32 31 30 32 31 33 35 31 02 02 09 06 00 
00 60 01 07 ff 0a 04 36 35 35 30 02 03 09 06 01 00 01 07 00 ff 06 00 00 00 00 02 02 0f 00 16 1b 02 03 09 06 01 00 02 07 
00 ff 06 00 00 01 c9 02 02 0f 00 16 1b 02 03 09 06 01 00 03 07 00 ff 06 00 00 00 00 02 02 0f 00 16 1d 02 03 09 06 01 00 
04 07 00 ff 06 00 00 00 4d 02 02 0f 00 16 1d 02 03 09 06 01 00 1f 07 00 ff 10 ff fc 02 02 0f ff 16 21 02 03 09 06 01 00 
33 07 00 ff 10 ff fa 02 02 0f ff 16 21 02 03 09 06 01 00 47 07 00 ff 10 ff f9 02 02 0f ff 16 21 02 03 09 06 01 00 20 07 
00 ff 12 09 1f 02 02 0f ff 16 23 02 03 09 06 01 00 34 07 00 ff 12 09 18 02 02 0f ff 16 23 02 03 09 06 01 00 48 07 00 ff 
12 09 1d 02 02 0f ff 16 23 35 4a 7e 7e a0 2a 41 08 83 13 04 13 e6 e7 00 0f 40 00 00 00 00 01 01 02 03 09 06 01 00 01 07 
00 ff 06 00 00 00 00 02 02 0f 00 16 1b ae 27 7e 7e a0 2a 41 08 83 13 04 13 e6 e7 00 0f 40 00 00 00 00 01 01 02 03 09 06 
01 00 01 07 00 ff 06 00 00 00 00 02 02 0f 00 16 1b ae 27 7e 7e a0 2a 41 08 83 13 04 13 e6 e7 00 0f 40 00 00 00 00 01 01 
02 03 09 06 01 00 01 07 00 ff 06 00 00 00 00 02 02 0f 00 16 1b ae 27 7e 7e a1 1e 41 08 83 13 ee ee e6 e7 00 0f 40 00 00 
00 00 01 0d 02 02 09 06 01 01 00 02 81 ff 0a 0b 41 49 44 4f 4e 5f 56 30 30 30 31 02 02 09 06 00 00 60 01 00 ff 0a 10 37 
33 35 39 39 39 32 39 32 31 30 32 31 33 35 31 02 02 09 06 00 00 60 01 07 ff 0a 04 36 35 35 30 02 03 09 06 01 00 01 07 00 
ff 06 00 00 00 00 02 02 0f 00 16 1b 02 03 09 06 01 00 02 07 00 ff 06 00 00 01 c9 02 02 0f 00 16 1b 02 03 09 06 01 00 03 
07 00 ff 06 00 00 00 00 02 02 0f 00 16 1d 02 03 09 06 01 00 04 07 00 ff 06 00 00 00 4f 02 02 0f 00 16 1d 02 03 09 06 01 
00 1f 07 00 ff 10 ff fc 02 02 0f ff 16 21 02 03 09 06 01 00 33 07 00 ff 10 ff fa 02 02 0f ff 16 21 02 03 09 06 01 00 47 
07 00 ff 10 ff f9 02 02 0f ff 16 21 02 03 09 06 01 00 20 07 00 ff 12 09 21 02 02 0f ff 16 23 02 03 09 06 01 00 34 07 00 
ff 12 09 1b 02 02 0f ff 16 23 02 03 09 06 01 00 48 07 00 ff 12 09 1f 02 02 0f ff 16 23 93 18 7e 7e a0 2a 41 08 83 13 04 
13 e6 e7 00 0f 40 00 00 00 00 01 01 02 03 09 06 01 00 01 07 00 ff 06 00 00 00 00 02 02 0f 00 16 1b ae 27 7e 7e a0 2a 41 
08 83 13 04 13 e6 e7 00 0f 40 00 00 00 00 01 01 02 03 09 06 01 00 01 07 00 ff 06 00 00 00 00 02 02 0f 00 16 1b ae 27 7e 
7e a0 2a 41 08 83 13 04 13 e6 e7 00 0f 40 00 00 00 00 01 01 02 03 09 06 01 00 01 07 00 ff 06 00 00 00 00 02 02 0f 00 16 
1b ae 27 7e 7e a1 1e 41 08 83 13 ee ee e6 e7 00 0f 40 00 00 00 00 01 0d 02 02 09 06 01 01 00 02 81 ff 0a 0b 41 49 44 4f 
4e 5f 56 30 30 30 31 02 02 09 06 00 00 60 01 00 ff 0a 10 37 33 35 39 39 39 32 39 32 31 30 32 31 33 35 31 02 02 09 06 00 
00 60 01 07 ff 0a 04 36 35 35 30 02 03 09 06 01 00 01 07 00 ff 06 00 00 00 00 02 02 0f 00 16 1b 02 03 09 06 01 00 02 07 
00 ff 06 00 00 01 cf 02 02 0f 00 16 1b 02 03 09 06 01 00 03 07 00 ff 06 00 00 00 00 02 02 0f 00 16 1d 02 03 09 06 01 00 
04 07 00 ff 06 00 00 00 51 02 02 0f 00 16 1d 02 03 09 06 01 00 1f 07 00 ff 10 ff fc 02 02 0f ff 16 21 02 03 09 06 01 00 
33 07 00 ff 10 ff fa 02 02 0f ff 16 21 02 03 09 06 01 00 47 07 00 ff 10 ff f9 02 02 0f ff 16 21 02 03 09 06 01 00 20 07 
00 ff 12 09 21 02 02 0f ff 16 23 02 03 09 06 01 00 34 07 00 ff 12 09 1b 02 02 0f ff 16 23 02 03 09 06 01 00 48 07 00 ff 
12 09 1f 02 02 0f ff 16 23 6e f8 7e 7e a0 2a 41 08 83 13 04 13 e6 e7 00 0f 40 00 00 00 00 01 01 02 03 09 06 01 00 01 07 
00 ff 06 00 00 00 00 02 02 0f 00 16 1b ae 27 7e 7e a0 2a 41 08 83 13 04 13 e6 e7 00 0f 40 00 00 00 00 01 01 02 03 09 06 
01 00 01 07 00 ff 06 00 00 00 00 02 02 0f 00 16 1b ae 27 7e 7e a0 2a 41 08 83 13 04 13 e6 e7 00 0f 40 00 00 00 00 01 01 
02 03 09 06 01 00 01 07 00 ff 06 00 00 00 00 02 02 0f 00 16 1b ae 27 7e 7e a1 1e 41 08 83 13 ee ee e6 e7 00 0f 40 00 00 
00 00 01 0d 02 02 09 06 01 01 00 02 81 ff 0a 0b 41 49 44 4f 4e 5f 56 30 30 30 31 02 02 09 06 00 00 60 01 00 ff 0a 10 37 
33 35 39 39 39 32 39 32 31 30 32 31 33 35 31 02 02 09 06 00 00 60 01 07 ff 0a 04 36 35 35 30 02 03 09 06 01 00 01 07 00 
ff 06 00 00 00 00 02 02 0f 00 16 1b 02 03 09 06 01 00 02 07 00 ff 06 00 00 01 bd 02 02 0f 00 16 1b 02 03 09 06 01 00 03 
07 00 ff 06 00 00 00 00 02 02 0f 00 16 1d 02 03 09 06 01 00 04 07 00 ff 06 00 00 00 4f 02 02 0f 00 16 1d 02 03 09 06 01 
00 1f 07 00 ff 10 ff fc 02 02 0f ff 16 21 02 03 09 06 01 00 33 07 00 ff 10 ff fa 02 02 0f ff 16 21 02 03 09 06 01 00 47 
07 00 ff 10 ff f9 02 02 0f ff 16 21 02 03 09 06 01 00 20 07 00 ff 12 09 21 02 02 0f ff 16 23 02 03 09 06 01 00 34 07 00 
ff 12 09 19 02 02 0f ff 16 23 02 03 09 06 01 00 48 07 00 ff 12 09 1e 02 02 0f ff 16 23 4b 74 7e 7e a0 2a 41 08 83 13 04 
13 e6 e7 00 0f 40 00 00 00 00 01 01 02 03 09 06 01 00 01 07 00 ff 06 00 00 00 00 02 02 0f 00 16 1b ae 27 7e 7e a0 2a 41 
08 83 13 04 13 e6 e7 00 0f 40 00 00 00 00 01 01 02 03 09 06 01 00 01 07 00 ff 06 00 00 00 00 02 02 0f 00 16 1b ae 27 7e 
7e a0 2a 41 08 83 13 04 13 e6 e7 00 0f 40 00 00 00 00 01 01 02 03 09 06 01 00 01 07 00 ff 06 00 00 00 00 02 02 0f 00 16 
1b ae 27 7e 7e a1 1e 41 08 83 13 ee ee e6 e7 00 0f 40 00 00 00 00 01 0d 02 02 09 06 01 01 00 02 81 ff 0a 0b 41 49 44 4f 
4e 5f 56 30 30 30 31 02 02 09 06 00 00 60 01 00 ff 0a 10 37 33 35 39 39 39 32 39 32 31 30 32 31 33 35 31 02 02 09 06 00 
00 60 01 07 ff 0a 04 36 35 35 30 02 03 09 06 01 00 01 07 00 ff 06 00 00 00 00 02 02 0f 00 16 1b 02 03 09 06 01 00 02 07 
00 ff 06 00 00 01 b6 02 02 0f 00 16 1b 02 03 09 06 01 00 03 07 00 ff 06 00 00 00 00 02 02 0f 00 16 1d 02 03 09 06 01 00 
04 07 00 ff 06 00 00 00 4d 02 02 0f 00 16 1d 02 03 09 06 01 00 1f 07 00 ff 10 ff fc 02 02 0f ff 16 21 02 03 09 06 01 00 
33 07 00 ff 10 ff fb 02 02 0f ff 16 21 02 03 09 06 01 00 47 07 00 ff 10 ff f9 02 02 0f ff 16 21 02 03 09 06 01 00 20 07 
00 ff 12 09 20 02 02 0f ff 16 23 02 03 09 06 01 00 34 07 00 ff 12 09 19 02 02 0f ff 16 23 02 03 09 06 01 00 48 07 00 ff 
12 09 1e 02 02 0f ff 16 23 7e 06 7e 7e a0 2a 41 08 83 13 04 13 e6 e7 00 0f 40 00 00 00 00 01 01 02 03 09 06 01 00 01 07 
00 ff 06 00 00 00 00 02 02 0f 00 16 1b ae 27 7e 7e a0 2a 41 08 83 13 04 13 e6 e7 00 0f 40 00 00 00 00 01 01 02 03 09 06 
01 00 01 07 00 ff 06 00 00 00 00 02 02 0f 00 16 1b ae 27 7e 7e a0 2a 41 08 83 13 04 13 e6 e7 00 0f 40 00 00 00 00 01 01 
02 03 09 06 01 00 01 07 00 ff 06 00 00 00 00 02 02 0f 00 16 1b ae 27 7e 7e a1 1e 41 08 83 13 ee ee e6 e7 00 0f 40 00 00 
00 00 01 0d 02 02 09 06 01 01 00 02 81 ff 0a 0b 41 49 44 4f 4e 5f 56 30 30 30 31 02 02 09 06 00 00 60 01 00 ff 0a 10 37 
33 35 39 39 39 32 39 32 31 30 32 31 33 35 31 02 02 09 06 00 00 60 01 07 ff 0a 04 36 35 35 30 02 03 09 06 01 00 01 07 00 
ff 06 00 00 00 00 02 02 0f 00 16 1b 02 03 09 06 01 00 02 07 00 ff 06 00 00 01 c5 02 02 0f 00 16 1b 02 03 09 06 01 00 03 
07 00 ff 06 00 00 00 00 02 02 0f 00 16 1d 02 03 09 06 01 00 04 07 00 ff 06 00 00 00 4f 02 02 0f 00 16 1d 02 03 09 06 01 
00 1f 07 00 ff 10 ff fc 02 02 0f ff 16 21 02 03 09 06 01 00 33 07 00 ff 10 ff fb 02 02 0f ff 16 21 02 03 09 06 01 00 47 
07 00 ff 10 ff f9 02 02 0f ff 16 21 02 03 09 06 01 00 20 07 00 ff 12 09 23 02 02 0f ff 16 23 02 03 09 06 01 00 34 07 00 
ff 12 09 1c 02 02 0f ff 16 23 02 03 09 06 01 00 48 07 00 ff 12 09 21 02 02 0f ff 16 23 28 09 7e 7e a0 2a 41 08 83 13 04 
13 e6 e7 00 0f 40 00 00 00 00 01 01 02 03 09 06 01 00 01 07 00 ff 06 00 00 00 00 02 02 0f 00 16 1b ae 27 7e 7e a0 2a 41 
08 83 13 04 13 e6 e7 00 0f 40 00 00 00 00 01 01 02 03 09 06 01 00 01 07 00 ff 06 00 00 00 00 02 02 0f 00 16 1b ae 27 7e 
7e a0 2a 41 08 83 13 04 13 e6 e7 00 0f 40 00 00 00 00 01 01 02 03 09 06 01 00 01 07 00 ff 06 00 00 00 00 02 02 0f 00 16 
1b ae 27 7e 7e a1 1e 41 08 83 13 ee ee e6 e7 00 0f 40 00 00 00 00 01 0d 02 02 09 06 01 01 00 02 81 ff 0a 0b 41 49 44 4f 
4e 5f 56 30 30 30 31 02 02 09 06 00 00 60 01 00 ff 0a 10 37 33 35 39 39 39 32 39 32 31 30 32 31 33 35 31 02 02 09 06 00 
00 60 01 07 ff 0a 04 36 35 35 30 02 03 09 06 01 00 01 07 00 ff 06 00 00 00 00 02 02 0f 00 16 1b 02 03 09 06 01 00 02 07 
00 ff 06 00 00 01 cb 02 02 0f 00 16 1b 02 03 09 06 01 00 03 07 00 ff 06 00 00 00 00 02 02 0f 00 16 1d 02 03 09 06 01 00 
04 07 00 ff 06 00 00 00 4e 02 02 0f 00 16 1d 02 03 09 06 01 00 1f 07 00 ff 10 ff fc 02 02 0f ff 16 21 02 03 09 06 01 00 
33 07 00 ff 10 ff fa 02 02 0f ff 16 21 02 03 09 06 01 00 47 07 00 ff 10 ff f9 02 02 0f ff 16 21 02 03 09 06 01 00 20 07 
00 ff 12 09 21 02 02 0f ff 16 23 02 03 09 06 01 00 34 07 00 ff 12 09 1a 02 02 0f ff 16 23 02 03 09 06 01 00 48 07 00 ff 
12 09 1e 02 02 0f ff 16 23 88 0f 7e 7e a0 2a 41 08 83 13 04 13 e6 e7 00 0f 40 00 00 00 00 01 01 02 03 09 06 01 00 01 07 
00 ff 06 00 00 00 00 02 02 0f 00 16 1b ae 27 7e 7e a0 2a 41 08 83 13 04 13 e6 e7 00 0f 40 00 00 00 00 01 01 02 03 09 06 
01 00 01 07 00 ff 06 00 00 00 00 02 02 0f 00 16 1b ae 27 7e 7e a0 2a 41 08 83 13 04 13 e6 e7 00 0f 40 00 00 00 00 01 01 
02 03 09 06 01 00 01 07 00 ff 06 00 00 00 00 02 02 0f 00 16 1b ae 27 7e 7e a1 1e 41 08 83 13 ee ee e6 e7 00 0f 40 00 00 
00 00 01 0d 02 02 09 06 01 01 00 02 81 ff 0a 0b 41 49 44 4f 4e 5f 56 30 30 30 31 02 02 09 06 00 00 60 01 00 ff 0a 10 37 
33 35 39 39 39 32 39 32 31 30 32 31 33 35 31 02 02 09 06 00 00 60 01 07 ff 0a 04 36 35 35 30 02 03 09 06 01 00 01 07 00 
ff 06 00 00 00 00 02 02 0f 00 16 1b 02 03 09 06 01 00 02 07 00 ff 06 00 00 01 d1 02 02 0f 00 16 1b 02 03 09 06 01 00 03 
07 00 ff 06 00 00 00 00 02 02 0f 00 16 1d 02 03 09 06 01 00 04 07 00 ff 06 00 00 00 4f 02 02 0f 00 16 1d 02 03 09 06 01 
00 1f 07 00 ff 10 ff fc 02 02 0f ff 16 21 02 03 09 06 01 00 33 07 00 ff 10 ff fa 02 02 0f ff 16 21 02 03 09 06 01 00 47 
07 00 ff 10 ff f9 02 02 0f ff 16 21 02 03 09 06 01 00 20 07 00 ff 12 09 1f 02 02 0f ff 16 23 02 03 09 06 01 00 34 07 00 
ff 12 09 18 02 02 0f ff 16 23 02 03 09 06 01 00 48 07 00 ff 12 09 1d 02 02 0f ff 16 23 6b 51 7e 7e a0 2a 41 08 83 13 04 
13 e6 e7 00 0f 40 00 00 00 00 01 01 02 03 09 06 01 00 01 07 00 ff 06 00 00 00 00 02 02 0f 00 16 1b ae 27 7e 7e a0 2a 41 
08 83 13 04 13 e6 e7 00 0f 40 00 00 00 00 01 01 02 03 09 06 01 00 01 07 00 ff 06 00 00 00 00 02 02 0f 00 16 1b ae 27 7e 
7e a0 2a 41 08 83 13 04 13 e6 e7 00 0f 40 00 00 00 00 01 01 02 03 09 06 01 00 01 07 00 ff 06 00 00 00 00 02 02 0f 00 16 
1b ae 27 7e 7e a1 1e 41 08 83 13 ee ee e6 e7 00 0f 40 00 00 00 00 01 0d 02 02 09 06 01 01 00 02 81 ff 0a 0b 41 49 44 4f 
4e 5f 56 30 30 30 31 02 02 09 06 00 00 60 01 00 ff 0a 10 37 33 35 39 39 39 32 39 32 31 30 32 31 33 35 31 02 02 09 06 00 
00 60 01 07 ff 0a 04 36 35 35 30 02 03 09 06 01 00 01 07 00 ff 06 00 00 00 00 02 02 0f 00 16 1b 02 03 09 06 01 00 02 07 
00 ff 06 00 00 01 d9 02 02 0f 00 16 1b 02 03 09 06 01 00 03 07 00 ff 06 00 00 00 00 02 02 0f 00 16 1d 02 03 09 06 01 00 
04 07 00 ff 06 00 00 00 50 02 02 0f 00 16 1d 02 03 09 06 01 00 1f 07 00 ff 10 ff fb 02 02 0f ff 16 21 02 03 09 06 01 00 
33 07 00 ff 10 ff fa 02 02 0f ff 16 21 02 03 09 06 01 00 47 07 00 ff 10 ff f9 02 02 0f ff 16 21 02 03 09 06 01 00 20 07 
00 ff 12 09 1c 02 02 0f ff 16 23 02 03 09 06 01 00 34 07 00 ff 12 09 15 02 02 0f ff 16 23 02 03 09 06 01 00 48 07 00 ff 
12 09 19 02 02 0f ff 16 23 59 5e 7e 7e a0 2a 41 08 83 13 04 13 e6 e7 00 0f 40 00 00 00 00 01 01 02 03 09 06 01 00 01 07 
00 ff 06 00 00 00 00 02 02 0f 00 16 1b ae 27 7e 7e a0 2a 41 08 83 13 04 13 e6 e7 00 0f 40 00 00 00 00 01 01 02 03 09 06 
01 00 01 07 00 ff 06 00 00 00 00 02 02 0f 00 16 1b ae 27 7e 7e a0 2a 41 08 83 13 04 13 e6 e7 00 0f 40 00 00 00 00 01 01 
02 03 09 06 01 00 01 07 00 ff 06 00 00 00 00 02 02 0f 00 16 1b ae 27 7e 7e a1 1e 41 08 83 13 ee ee e6 e7 00 0f 40 00 00 
00 00 01 0d 02 02 09 06 01 01 00 02 81 ff 0a 0b 41 49 44 4f 4e 5f 56 30 30 30 31 02 02 09 06 00 00 60 01 00 ff 0a 10 37 
33 35 39 39 39 32 39 32 31 30 32 31 33 35 31 02 02 09 06 00 00 60 01 07 ff 0a 04 36 35 35 30 02 03 09 06 01 00 01 07 00 
ff 06 00 00 00 00 02 02 0f 00 16 1b 02 03 09 06 01 00 02 07 00 ff 06 00 00 01 d8 02 02 0f 00 16 1b 02 03 09 06 01 00 03 
07 00 ff 06 00 00 00 00 02 02 0f 00 16 1d 02 03 09 06 01 00 04 07 00 ff 06 00 00 00 4c 02 02 0f 00 16 1d 02 03 09 06 01 
00 1f 07 00 ff 10 ff fb 02 02 0f ff 16 21 02 03 09 06 01 00 33 07 00 ff 10 ff fa 02 02 0f ff 16 21 02 03 09 06 01 00 47 
07 00 ff 10 ff f9 02 02 0f ff 16 21 02 03 09 06 01 00 20 07 00 ff 12 09 22 02 02 0f ff 16 23 02 03 09 06 01 00 34 07 00 
ff 12 09 1a 02 02 0f ff 16 23 02 03 09 06 01 00 48 07 00 ff 12 09 1f 02 02 0f ff 16 23 f1 54 7e 7e a0 2a 41 08 83 13 04 
13 e6 e7 00 0f 40 00 00 00 00 01 01 02 03 09 06 01 00 01 07 00 ff 06 00 00 00 00 02 02 0f 00 16 1b ae 27 7e 7e a0 2a 41 
08 83 13 04 13 e6 e7 00 0f 40 00 00 00 00 01 01 02 03 09 06 01 00 01 07 00 ff 06 00 00 00 00 02 02 0f 00 16 1b ae 27 7e 
7e a0 2a 41 08 83 13 04 13 e6 e7 00 0f 40 00 00 00 00 01 01 02 03 09 06 01 00 01 07 00 ff 06 00 00 00 00 02 02 0f 00 16 
1b ae 27 7e 7e a1 1e 41 08 83 13 ee ee e6 e7 00 0f 40 00 00 00 00 01 0d 02 02 09 06 01 01 00 02 81 ff 0a 0b 41 49 44 4f 
4e 5f 56 30 30 30 31 02 02 09 06 00 00 60 01 00 ff 0a 10 37 33 35 39 39 39 32 39 32 31 30 32 31 33 35 31 02 02 09 06 00 
00 60 01 07 ff 0a 04 36 35 35 30 02 03 09 06 01 00 01 07 00 ff 06 00 00 00 00 02 02 0f 00 16 1b 02 03 09 06 01 00 02 07 
00 ff 06 00 00 01 7d 02 02 0f 00 16 1b 02 03 09 06 01 00 03 07 00 ff 06 00 00 00 00 02 02 0f 00 16 1d 02 03 09 06 01 00 
04 07 00 ff 06 00 00 00 bf 02 02 0f 00 16 1d 02 03 09 06 01 00 1f 07 00 ff 10 ff fb 02 02 0f ff 16 21 02 03 09 06 01 00 
33 07 00 ff 10 ff fa 02 02 0f ff 16 21 02 03 09 06 01 00 47 07 00 ff 10 ff f9 02 02 0f ff 16 21 02 03 09 06 01 00 20 07 
00 ff 12 09 20 02 02 0f ff 16 23 02 03 09 06 01 00 34 07 00 ff 12 09 18 02 02 0f ff 16 23 02 03 09 06 01 00 48 07 00 ff 
12 09 1d 02 02 0f ff 16 23 48 0e 7e 7e a0 2a 41 08 83 13 04 13 e6 e7 00 0f 40 00 00 00 00 01 01 02 03 09 06 01 00 01 07 
00 ff 06 00 00 00 00 02 02 0f 00 16 1b ae 27 7e 7e a0 2a 41 08 83 13 04 13 e6 e7 00 0f 40 00 00 00 00 01 01 02 03 09 06 
01 00 01 07 00 ff 06 00 00 00 00 02 02 0f 00 16 1b ae 27 7e 7e a0 2a 41 08 83 13 04 13 e6 e7 00 0f 40 00 00 00 00 01 01 
02 03 09 06 01 00 01 07 00 ff 06 00 00 00 00 02 02 0f 00 16 1b ae 27 7e 7e a1 1e 41 08 83 13 ee ee e6 e7 00 0f 40 00 00 
00 00 01 0d 02 02 09 06 01 01 00 02 81 ff 0a 0b 41 49 44 4f 4e 5f 56 30 30 30 31 02 02 09 06 00 00 60 01 00 ff 0a 10 37 
33 35 39 39 39 32 39 32 31 30 32 31 33 35 31 02 02 09 06 00 00 60 01 07 ff 0a 04 36 35 35 30 02 03 09 06 01 00 01 07 00 
ff 06 00 00 00 00 02 02 0f 00 16 1b 02 03 09 06 01 00 02 07 00 ff 06 00 00 01 ec 02 02 0f 00 16 1b 02 03 09 06 01 00 03 
07 00 ff 06 00 00 00 00 02 02 0f 00 16 1d 02 03 09 06 01 00 04 07 00 ff 06 00 00 00 57 02 02 0f 00 16 1d 02 03 09 06 01 
00 1f 07 00 ff 10 ff fb 02 02 0f ff 16 21 02 03 09 06 01 00 33 07 00 ff 10 ff fa 02 02 0f ff 16 21 02 03 09 06 01 00 47 
07 00 ff 10 ff f9 02 02 0f ff 16 21 02 03 09 06 01 00 20 07 00 ff 12 09 1c 02 02 0f ff 16 23 02 03 09 06 01 00 34 07 00 
ff 12 09 15 02 02 0f ff 16 23 02 03 09 06 01 00 48 07 00 ff 12 09 1a 02 02 0f ff 16 23 2f 9e 7e 7e a0 2a 41 08 83 13 04 
13 e6 e7 00 0f 40 00 00 00 00 01 01 02 03 09 06 01 00 01 07 00 ff 06 00 00 00 00 02 02 0f 00 16 1b ae 27 7e 7e a0 2a 41 
08 83 13 04 13 e6 e7 00 0f 40 00 00 00 00 01 01 02 03 09 06 01 00 01 07 00 ff 06 00 00 00 00 02 02 0f 00 16 1b ae 27 7e 
7e a0 2a 41 08 83 13 04 13 e6 e7 00 0f 40 00 00 00 00 01 01 02 03 09 06 01 00 01 07 00 ff 06 00 00 00 00 02 02 0f 00 16 
1b ae 27 7e 7e a1 1e 41 08 83 13 ee ee e6 e7 00 0f 40 00 00 00 00 01 0d 02 02 09 06 01 01 00 02 81 ff 0a 0b 41 49 44 4f 
4e 5f 56 30 30 30 31 02 02 09 06 00 00 60 01 00 ff 0a 10 37 33 35 39 39 39 32 39 32 31 30 32 31 33 35 31 02 02 09 06 00 
00 60 01 07 ff 0a 04 36 35 35 30 02 03 09 06 01 00 01 07 00 ff 06 00 00 00 00 02 02 0f 00 16 1b 02 03 09 06 01 00 02 07 
00 ff 06 00 00 01 e0 02 02 0f 00 16 1b 02 03 09 06 01 00 03 07 00 ff 06 00 00 00 00 02 02 0f 00 16 1d 02 03 09 06 01 00 
04 07 00 ff 06 00 00 00 55 02 02 0f 00 16 1d 02 03 09 06 01 00 1f 07 00 ff 10 ff fc 02 02 0f ff 16 21 02 03 09 06 01 00 
33 07 00 ff 10 ff fa 02 02 0f ff 16 21 02 03 09 06 01 00 47 07 00 ff 10 ff f9 02 02 0f ff 16 21 02 03 09 06 01 00 20 07 
00 ff 12 09 1f 02 02 0f ff 16 23 02 03 09 06 01 00 34 07 00 ff 12 09 19 02 02 0f ff 16 23 02 03 09 06 01 00 48 07 00 ff 
12 09 1d 02 02 0f ff 16 23 6a ea 7e 7e a0 2a 41 08 83 13 04 13 e6 e7 00 0f 40 00 00 00 00 01 01 02 03 09 06 01 00 01 07 
00 ff 06 00 00 00 00 02 02 0f 00 16 1b ae 27 7e 7e a0 2a 41 08 83 13 04 13 e6 e7 00 0f 40 00 00 00 00 01 01 02 03 09 06 
01 00 01 07 00 ff 06 00 00 00 00 02 02 0f 00 16 1b ae 27 7e 7e a0 2a 41 08 83 13 04 13 e6 e7 00 0f 40 00 00 00 00 01 01 
02 03 09 06 01 00 01 07 00 ff 06 00 00 00 00 02 02 0f 00 16 1b ae 27 7e 7e a1 1e 41 08 83 13 ee ee e6 e7 00 0f 40 00 00 
00 00 01 0d 02 02 09 06 01 01 00 02 81 ff 0a 0b 41 49 44 4f 4e 5f 56 30 30 30 31 02 02 09 06 00 00 60 01 00 ff 0a 10 37 
33 35 39 39 39 32 39 32 31 30 32 31 33 35 31 02 02 09 06 00 00 60 01 07 ff 0a 04 36 35 35 30 02 03 09 06 01 00 01 07 00 
ff 06 00 00 00 00 02 02 0f 00 16 1b 02 03 09 06 01 00 02 07 00 ff 06 00 00 01 ed 02 02 0f 00 16 1b 02 03 09 06 01 00 03 
07 00 ff 06 00 00 00 00 02 02 0f 00 16 1d 02 03 09 06 01 00 04 07 00 ff 06 00 00 00 5e 02 02 0f 00 16 1d 02 03 09 06 01 
00 1f 07 00 ff 10 ff fb 02 02 0f ff 16 21 02 03 09 06 01 00 33 07 00 ff 10 ff fa 02 02 0f ff 16 21 02 03 09 06 01 00 47 
07 00 ff 10 ff f8 02 02 0f ff 16 21 02 03 09 06 01 00 20 07 00 ff 12 09 21 02 02 0f ff 16 23 02 03 09 06 01 00 34 07 00 
ff 12 09 1a 02 02 0f ff 16 23 02 03 09 06 01 00 48 07 00 ff 12 09 1e 02 02 0f ff 16 23 89 b9 7e 7e a0 2a 41 08 83 13 04 
13 e6 e7 00 0f 40 00 00 00 00 01 01 02 03 09 06 01 00 01 07 00 ff 06 00 00 00 00 02 02 0f 00 16 1b ae 27 7e 7e a0 2a 41 
08 83 13 04 13 e6 e7 00 0f 40 00 00 00 00 01 01 02 03 09 06 01 00 01 07 00 ff 06 00 00 00 00 02 02 0f 00 16 1b ae 27 7e 
7e a0 2a 41 08 83 13 04 13 e6 e7 00 0f 40 00 00 00 00 01 01 02 03 09 06 01 00 01 07 00 ff 06 00 00 00 00 02 02 0f 00 16 
1b ae 27 7e 7e a1 1e 41 08 83 13 ee ee e6 e7 00 0f 40 00 00 00 00 01 0d 02 02 09 06 01 01 00 02 81 ff 0a 0b 41 49 44 4f 
4e 5f 56 30 30 30 31 02 02 09 06 00 00 60 01 00 ff 0a 10 37 33 35 39 39 39 32 39 32 31 30 32 31 33 35 31 02 02 09 06 00 
00 60 01 07 ff 0a 04 36 35 35 30 02 03 09 06 01 00 01 07 00 ff 06 00 00 00 00 02 02 0f 00 16 1b 02 03 09 06 01 00 02 07 
00 ff 06 00 00 01 ef 02 02 0f 00 16 1b 02 03 09 06 01 00 03 07 00 ff 06 00 00 00 00 02 02 0f 00 16 1d 02 03 09 06 01 00 
04 07 00 ff 06 00 00 00 4f 02 02 0f 00 16 1d 02 03 09 06 01 00 1f 07 00 ff 10 ff fc 02 02 0f ff 16 21 02 03 09 06 01 00 
33 07 00 ff 10 ff fa 02 02 0f ff 16 21 02 03 09 06 01 00 47 07 00 ff 10 ff f8 02 02 0f ff 16 21 02 03 09 06 01 00 20 07 
00 ff 12 09 21 02 02 0f ff 16 23 02 03 09 06 01 00 34 07 00 ff 12 09 1b 02 02 0f ff 16 23 02 03 09 06 01 00 48 07 00 ff 
12 09 1f 02 02 0f ff 16 23 02 2a 7e 7e a0 2a 41 08 83 13 04 13 e6 e7 00 0f 40 00 00 00 00 01 01 02 03 09 06 01 00 01 07 
00 ff 06 00 00 00 00 02 02 0f 00 16 1b ae 27 7e 7e a0 2a 41 08 83 13 04 13 e6 e7 00 0f 40 00 00 00 00 01 01 02 03 09 06 
01 00 01 07 00 ff 06 00 00 00 00 02 02 0f 00 16 1b ae 27 7e 7e a0 2a 41 08 83 13 04 13 e6 e7 00 0f 40 00 00 00 00 01 01 
02 03 09 06 01 00 01 07 00 ff 06 00 00 00 00 02 02 0f 00 16 1b ae 27 7e 7e a1 1e 41 08 83 13 ee ee e6 e7 00 0f 40 00 00 
00 00 01 0d 02 02 09 06 01 01 00 02 81 ff 0a 0b 41 49 44 4f 4e 5f 56 30 30 30 31 02 02 09 06 00 00 60 01 00 ff 0a 10 37 
33 35 39 39 39 32 39 32 31 30 32 31 33 35 31 02 02 09 06 00 00 60 01 07 ff 0a 04 36 35 35 30 02 03 09 06 01 00 01 07 00 
ff 06 00 00 00 00 02 02 0f 00 16 1b 02 03 09 06 01 00 02 07 00 ff 06 00 00 01 f7 02 02 0f 00 16 1b 02 03 09 06 01 00 03 
07 00 ff 06 00 00 00 00 02 02 0f 00 16 1d 02 03 09 06 01 00 04 07 00 ff 06 00 00 00 52 02 02 0f 00 16 1d 02 03 09 06 01 
00 1f 07 00 ff 10 ff fb 02 02 0f ff 16 21 02 03 09 06 01 00 33 07 00 ff 10 ff fa 02 02 0f ff 16 21 02 03 09 06 01 00 47 
07 00 ff 10 ff f8 02 02 0f ff 16 21 02 03 09 06 01 00 20 07 00 ff 12 09 1f 02 02 0f ff 16 23 02 03 09 06 01 00 34 07 00 
ff 12 09 18 02 02 0f ff 16 23 02 03 09 06 01 00 48 07 00 ff 12 09 1c 02 02 0f ff 16 23 e5 a7 7e 7e a0 2a 41 08 83 13 04 
13 e6 e7 00 0f 40 00 00 00 00 01 01 02 03 09 06 01 00 01 07 00 ff 06 00 00 00 00 02 02 0f 00 16 1b ae 27 7e 7e a0 2a 41 
08 83 13 04 13 e6 e7 00 0f 40 00 00 00 00 01 01 02 03 09 06 01 00 01 07 00 ff 06 00 00 00 00 02 02 0f 00 16 1b ae 27 7e 
7e a0 2a 41 08 83 13 04 13 e6 e7 00 0f 40 00 00 00 00 01 01 02 03 09 06 01 00 01 07 00 ff 06 00 00 00 00 02 02 0f 00 16 
1b ae 27 7e 7e a1 1e 41 08 83 13 ee ee e6 e7 00 0f 40 00 00 00 00 01 0d 02 02 09 06 01 01 00 02 81 ff 0a 0b 41 49 44 4f 
4e 5f 56 30 30 30 31 02 02 09 06 00 00 60 01 00 ff 0a 10 37 33 35 39 39 39 32 39 32 31 30 32 31 33 35 31 02 02 09 06 00 
00 60 01 07 ff 0a 04 36 35 35 30 02 03 09 06 01 00 01 07 00 ff 06 00 00 00 00 02 02 0f 00 16 1b 02 03 09 06 01 00 02 07 
00 ff 06 00 00 02 01 02 02 0f 00 16 1b 02 03 09 06 01 00 03 07 00 ff 06 00 00 00 00 02 02 0f 00 16 1d 02 03 09 06 01 00 
04 07 00 ff 06 00 00 00 55 02 02 0f 00 16 1d 02 03 09 06 01 00 1f 07 00 ff 10 ff fb 02 02 0f ff 16 21 02 03 09 06 01 00 
33 07 00 ff 10 ff fa 02 02 0f ff 16 21 02 03 09 06 01 00 47 07 00 ff 10 ff f8 02 02 0f ff 16 21 02 03 09 06 01 00 20 07 
00 ff 12 09 20 02 02 0f ff 16 23 02 03 09 06 01 00 34 07 00 ff 12 09 1a 02 02 0f ff 16 23 02 03 09 06 01 00 48 07 00 ff 
12 09 1d 02 02 0f ff 16 23 21 ab 7e 7e a0 2a 41 08 83 13 04 13 e6 e7 00 0f 40 00 00 00 00 01 01 02 03 09 06 01 00 01 07 
00 ff 06 00 00 00 00 02 02 0f 00 16 1b ae 27 7e 7e a0 2a 41 08 83 13 04 13 e6 e7 00 0f 40 00 00 00 00 01 01 02 03 09 06 
01 00 01 07 00 ff 06 00 00 00 00 02 02 0f 00 16 1b ae 27 7e 7e a0 2a 41 08 83 13 04 13 e6 e7 00 0f 40 00 00 00 00 01 01 
02 03 09 06 01 00 01 07 00 ff 06 00 00 00 00 02 02 0f 00 16 1b ae 27 7e 7e a1 1e 41 08 83 13 ee ee e6 e7 00 0f 40 00 00 
00 00 01 0d 02 02 09 06 01 01 00 02 81 ff 0a 0b 41 49 44 4f 4e 5f 56 30 30 30 31 02 02 09 06 00 00 60 01 00 ff 0a 10 37 
33 35 39 39 39 32 39 32 31 30 32 31 33 35 31 02 02 09 06 00 00 60 01 07 ff 0a 04 36 35 35 30 02 03 09 06 01 00 01 07 00 
ff 06 00 00 00 00 02 02 0f 00 16 1b 02 03 09 06 01 00 02 07 00 ff 06 00 00 02 08 02 02 0f 00 16 1b 02 03 09 06 01 00 03 
07 00 ff 06 00 00 00 00 02 02 0f 00 16 1d 02 03 09 06 01 00 04 07 00 ff 06 00 00 00 4d 02 02 0f 00 16 1d 02 03 09 06 01 
00 1f 07 00 ff 10 ff fb 02 02 0f ff 16 21 02 03 09 06 01 00 33 07 00 ff 10 ff fa 02 02 0f ff 16 21 02 03 09 06 01 00 47 
07 00 ff 10 ff f8 02 02 0f ff 16 21 02 03 09 06 01 00 20 07 00 ff 12 09 20 02 02 0f ff 16 23 02 03 09 06 01 00 34 07 00 
ff 12 09 1a 02 02 0f ff 16 23 02 03 09 06 01 00 48 07 00 ff 12 09 1d 02 02 0f ff 16 23 8f 4e 7e 7e a0 2a 41 08 83 13 04 
13 e6 e7 00 0f 40 00 00 00 00 01 01 02 03 09 06 01 00 01 07 00 ff 06 00 00 00 00 02 02 0f 00 16 1b ae 27 7e 7e a0 2a 41 
08 83 13 04 13 e6 e7 00 0f 40 00 00 00 00 01 01 02 03 09 06 01 00 01 07 00 ff 06 00 00 00 00 02 02 0f 00 16 1b ae 27 7e 
7e a0 2a 41 08 83 13 04 13 e6 e7 00 0f 40 00 00 00 00 01 01 02 03 09 06 01 00 01 07 00 ff 06 00 00 00 00 02 02 0f 00 16 
1b ae 27 7e 7e a1 1e 41 08 83 13 ee ee e6 e7 00 0f 40 00 00 00 00 01 0d 02 02 09 06 01 01 00 02 81 ff 0a 0b 41 49 44 4f 
4e 5f 56 30 30 30 31 02 02 09 06 00 00 60 01 00 ff 0a 10 37 33 35 39 39 39 32 39 32 31 30 32 31 33 35 31 02 02 09 06 00 
00 60 01 07 ff 0a 04 36 35 35 30 02 03 09 06 01 00 01 07 00 ff 06 00 00 00 00 02 02 0f 00 16 1b 02 03 09 06 01 00 02 07 
00 ff 06 00 00 02 1a 02 02 0f 00 16 1b 02 03 09 06 01 00 03 07 00 ff 06 00 00 00 00 02 02 0f 00 16 1d 02 03 09 06 01 00 
04 07 00 ff 06 00 00 00 4e 02 02 0f 00 16 1d 02 03 09 06 01 00 1f 07 00 ff 10 ff fb 02 02 0f ff 16 21 02 03 09 06 01 00 
33 07 00 ff 10 ff f9 02 02 0f ff 16 21 02 03 09 06 01 00 47 07 00 ff 10 ff f8 02 02 0f ff 16 21 02 03 09 06 01 00 20 07 
00 ff 12 09 1e 02 02 0f ff 16 23 02 03 09 06 01 00 34 07 00 ff 12 09 18 02 02 0f ff 16 23 02 03 09 06 01 00 48 07 00 ff 
12 09 1c 02 02 0f ff 16 23 c3 ed 7e 7e a0 2a 41 08 83 13 04 13 e6 e7 00 0f 40 00 00 00 00 01 01 02 03 09 06 01 00 01 07 
00 ff 06 00 00 00 00 02 02 0f 00 16 1b ae 27 7e 7e a0 2a 41 08 83 13 04 13 e6 e7 00 0f 40 00 00 00 00 01 01 02 03 09 06 
01 00 01 07 00 ff 06 00 00 00 00 02 02 0f 00 16 1b ae 27 7e 7e a0 2a 41 08 83 13 04 13 e6 e7 00 0f 40 00 00 00 00 01 01 
02 03 09 06 01 00 01 07 00 ff 06 00 00 00 00 02 02 0f 00 16 1b ae 27 7e 7e a1 1e 41 08 83 13 ee ee e6 e7 00 0f 40 00 00 
00 00 01 0d 02 02 09 06 01 01 00 02 81 ff 0a 0b 41 49 44 4f 4e 5f 56 30 30 30 31 02 02 09 06 00 00 60 01 00 ff 0a 10 37 
33 35 39 39 39 32 39 32 31 30 32 31 33 35 31 02 02 09 06 00 00 60 01 07 ff 0a 04 36 35 35 30 02 03 09 06 01 00 01 07 00 
ff 06 00 00 00 00 02 02 0f 00 16 1b 02 03 09 06 01 00 02 07 00 ff 06 00 00 02 34 02 02 0f 00 16 1b 02 03 09 06 01 00 03 
07 00 ff 06 00 00 00 00 02 02 0f 00 16 1d 02 03 09 06 01 00 04 07 00 ff 06 00 00 00 4f 02 02 0f 00 16 1d 02 03 09 06 01 
00 1f 07 00 ff 10 ff fa 02 02 0f ff 16 21 02 03 09 06 01 00 33 07 00 ff 10 ff f9 02 02 0f ff 16 21 02 03 09 06 01 00 47 
07 00 ff 10 ff f8 02 02 0f ff 16 21 02 03 09 06 01 00 20 07 00 ff 12 09 1e 02 02 0f ff 16 23 02 03 09 06 01 00 34 07 00 
ff 12 09 18 02 02 0f ff 16 23 02 03 09 06 01 00 48 07 00 ff 12 09 1c 02 02 0f ff 16 23 97 bc 7e 7e a0 2a 41 08 83 13 04 
13 e6 e7 00 0f 40 00 00 00 00 01 01 02 03 09 06 01 00 01 07 00 ff 06 00 00 00 00 02 02 0f 00 16 1b ae 27 7e 7e a0 2a 41 
08 83 13 04 13 e6 e7 00 0f 40 00 00 00 00 01 01 02 03 09 06 01 00 01 07 00 ff 06 00 00 00 00 02 02 0f 00 16 1b ae 27 7e 
7e a0 2a 41 08 83 13 04 13 e6 e7 00 0f 40 00 00 00 00 01 01 02 03 09 06 01 00 01 07 00 ff 06 00 00 00 00 02 02 0f 00 16 
1b ae 27 7e 7e a1 1e 41 08 83 13 ee ee e6 e7 00 0f 40 00 00 00 00 01 0d 02 02 09 06 01 01 00 02 81 ff 0a 0b 41 49 44 4f 
4e 5f 56 30 30 30 31 02 02 09 06 00 00 60 01 00 ff 0a 10 37 33 35 39 39 39 32 39 32 31 30 32 31 33 35 31 02 02 09 06 00 
00 60 01 07 ff 0a 04 36 35 35 30 02 03 09 06 01 00 01 07 00 ff 06 00 00 00 00 02 02 0f 00 16 1b 02 03 09 06 01 00 02 07 
00 ff 06 00 00 02 47 02 02 0f 00 16 1b 02 03 09 06 01 00 03 07 00 ff 06 00 00 00 00 02 02 0f 00 16 1d 02 03 09 06 01 00 
04 07 00 ff 06 00 00 00 82 02 02 0f 00 16 1d 02 03 09 06 01 00 1f 07 00 ff 10 ff fa 02 02 0f ff 16 21 02 03 09 06 01 00 
33 07 00 ff 10 ff f8 02 02 0f ff 16 21 02 03 09 06 01 00 47 07 00 ff 10 ff f7 02 02 0f ff 16 21 02 03 09 06 01 00 20 07 
00 ff 12 09 21 02 02 0f ff 16 23 02 03 09 06 01 00 34 07 00 ff 12 09 1a 02 02 0f ff 16 23 02 03 09 06 01 00 48 07 00 ff 
12 09 1e 02 02 0f ff 16 23 2c 84 7e 7e a0 2a 41 08 83 13 04 13 e6 e7 00 0f 40 00 00 00 00 01 01 02 03 09 06 01 00 01 07 
00 ff 06 00 00 00 00 02 02 0f 00 16 1b ae 27 7e 7e a0 2a 41 08 83 13 04 13 e6 e7 00 0f 40 00 00 00 00 01 01 02 03 09 06 
01 00 01 07 00 ff 06 00 00 00 00 02 02 0f 00 16 1b ae 27 7e 7e a0 2a 41 08 83 13 04 13 e6 e7 00 0f 40 00 00 00 00 01 01 
02 03 09 06 01 00 01 07 00 ff 06 00 00 00 00 02 02 0f 00 16 1b ae 27 7e 7e a1 1e 41 08 83 13 ee ee e6 e7 00 0f 40 00 00 
00 00 01 0d 02 02 09 06 01 01 00 02 81 ff 0a 0b 41 49 44 4f 4e 5f 56 30 30 30 31 02 02 09 06 00 00 60 01 00 ff 0a 10 37 
33 35 39 39 39 32 39 32 31 30 32 31 33 35 31 02 02 09 06 00 00 60 01 07 ff 0a 04 36 35 35 30 02 03 09 06 01 00 01 07 00 
ff 06 00 00 00 00 02 02 0f 00 16 1b 02 03 09 06 01 00 02 07 00 ff 06 00 00 02 66 02 02 0f 00 16 1b 02 03 09 06 01 00 03 
07 00 ff 06 00 00 00 00 02 02 0f 00 16 1d 02 03 09 06 01 00 04 07 00 ff 06 00 00 00 4e 02 02 0f 00 16 1d 02 03 09 06 01 
00 1f 07 00 ff 10 ff fa 02 02 0f ff 16 21 02 03 09 06 01 00 33 07 00 ff 10 ff f8 02 02 0f ff 16 21 02 03 09 06 01 00 47 
07 00 ff 10 ff f7 02 02 0f ff 16 21 02 03 09 06 01 00 20 07 00 ff 12 09 21 02 02 0f ff 16 23 02 03 09 06 01 00 34 07 00 
ff 12 09 1a 02 02 0f ff 16 23 02 03 09 06 01 00 48 07 00 ff 12 09 1e 02 02 0f ff 16 23 37 6a 7e 7e a0 2a 41 08 83 13 04 
13 e6 e7 00 0f 40 00 00 00 00 01 01 02 03 09 06 01 00 01 07 00 ff 06 00 00 00 00 02 02 0f 00 16 1b ae 27 7e 7e a0 2a 41 
08 83 13 04 13 e6 e7 00 0f 40 00 00 00 00 01 01 02 03 09 06 01 00 01 07 00 ff 06 00 00 00 00 02 02 0f 00 16 1b ae 27 7e 
7e a0 2a 41 08 83 13 04 13 e6 e7 00 0f 40 00 00 00 00 01 01 02 03 09 06 01 00 01 07 00 ff 06 00 00 00 00 02 02 0f 00 16 
1b ae 27 7e 7e a1 1e 41 08 83 13 ee ee e6 e7 00 0f 40 00 00 00 00 01 0d 02 02 09 06 01 01 00 02 81 ff 0a 0b 41 49 44 4f 
4e 5f 56 30 30 30 31 02 02 09 06 00 00 60 01 00 ff 0a 10 37 33 35 39 39 39 32 39 32 31 30 32 31 33 35 31 02 02 09 06 00 
00 60 01 07 ff 0a 04 36 35 35 30 02 03 09 06 01 00 01 07 00 ff 06 00 00 00 00 02 02 0f 00 16 1b 02 03 09 06 01 00 02 07 
00 ff 06 00 00 02 4f 02 02 0f 00 16 1b 02 03 09 06 01 00 03 07 00 ff 06 00 00 00 00 02 02 0f 00 16 1d 02 03 09 06 01 00 
04 07 00 ff 06 00 00 00 4c 02 02 0f 00 16 1d 02 03 09 06 01 00 1f 07 00 ff 10 ff fa 02 02 0f ff 16 21 02 03 09 06 01 00 
33 07 00 ff 10 ff f9 02 02 0f ff 16 21 02 03 09 06 01 00 47 07 00 ff 10 ff f7 02 02 0f ff 16 21 02 03 09 06 01 00 20 07 
00 ff 12 09 21 02 02 0f ff 16 23 02 03 09 06 01 00 34 07 00 ff 12 09 1b 02 02 0f ff 16 23 02 03 09 06 01 00 48 07 00 ff 
12 09 1f 02 02 0f ff 16 23 16 ec 7e 7e a0 2a 41 08 83 13 04 13 e6 e7 00 0f 40 00 00 00 00 01 01 02 03 09 06 01 00 01 07 
00 ff 06 00 00 00 00 02 02 0f 00 16 1b ae 27 7e 7e a0 2a 41 08 83 13 04 13 e6 e7 00 0f 40 00 00 00 00 01 01 02 03 09 06 
01 00 01 07 00 ff 06 00 00 00 00 02 02 0f 00 16 1b ae 27 7e 7e a0 2a 41 08 83 13 04 13 e6 e7 00 0f 40 00 00 00 00 01 01 
02 03 09 06 01 00 01 07 00 ff 06 00 00 00 00 02 02 0f 00 16 1b ae 27 7e 7e a1 1e 41 08 83 13 ee ee e6 e7 00 0f 40 00 00 
00 00 01 0d 02 02 09 06 01 01 00 02 81 ff 0a 0b 41 49 44 4f 4e 5f 56 30 30 30 31 02 02 09 06 00 00 60 01 00 ff 0a 10 37 
33 35 39 39 39 32 39 32 31 30 32 31 33 35 31 02 02 09 06 00 00 60 01 07 ff 0a 04 36 35 35 30 02 03 09 06 01 00 01 07 00 
ff 06 00 00 00 00 02 02 0f 00 16 1b 02 03 09 06 01 00 02 07 00 ff 06 00 00 02 41 02 02 0f 00 16 1b 02 03 09 06 01 00 03 
07 00 ff 06 00 00 00 00 02 02 0f 00 16 1d 02 03 09 06 01 00 04 07 00 ff 06 00 00 00 50 02 02 0f 00 16 1d 02 03 09 06 01 
00 1f 07 00 ff 10 ff fa 02 02 0f ff 16 21 02 03 09 06 01 00 33 07 00 ff 10 ff f9 02 02 0f ff 16 21 02 03 09 06 01 00 47 
07 00 ff 10 ff f7 02 02 0f ff 16 21 02 03 09 06 01 00 20 07 00 ff 12 09 23 02 02 0f ff 16 23 02 03 09 06 01 00 34 07 00 
ff 12 09 1d 02 02 0f ff 16 23 02 03 09 06 01 00 48 07 00 ff 12 09 21 02 02 0f ff 16 23 32 54 7e 7e a0 2a 41 08 83 13 04 
13 e6 e7 00 0f 40 00 00 00 00 01 01 02 03 09 06 01 00 01 07 00 ff 06 00 00 00 00 02 02 0f 00 16 1b ae 27 7e 7e a0 2a 41 
08 83 13 04 13 e6 e7 00 0f 40 00 00 00 00 01 01 02 03 09 06 01 00 01 07 00 ff 06 00 00 00 00 02 02 0f 00 16 1b ae 27 7e 
7e a0 2a 41 08 83 13 04 13 e6 e7 00 0f 40 00 00 00 00 01 01 02 03 09 06 01 00 01 07 00 ff 06 00 00 00 00 02 02 0f 00 16 
1b ae 27 7e 7e a1 1e 41 08 83 13 ee ee e6 e7 00 0f 40 00 00 00 00 01 0d 02 02 09 06 01 01 00 02 81 ff 0a 0b 41 49 44 4f 
4e 5f 56 30 30 30 31 02 02 09 06 00 00 60 01 00 ff 0a 10 37 33 35 39 39 39 32 39 32 31 30 32 31 33 35 31 02 02 09 06 00 
00 60 01 07 ff 0a 04 36 35 35 30 02 03 09 06 01 00 01 07 00 ff 06 00 00 00 00 02 02 0f 00 16 1b 02 03 09 06 01 00 02 07 
00 ff 06 00 00 02 3a 02 02 0f 00 16 1b 02 03 09 06 01 00 03 07 00 ff 06 00 00 00 00 02 02 0f 00 16 1d 02 03 09 06 01 00 
04 07 00 ff 06 00 00 00 50 02 02 0f 00 16 1d 02 03 09 06 01 00 1f 07 00 ff 10 ff fa 02 02 0f ff 16 21 02 03 09 06 01 00 
33 07 00 ff 10 ff f9 02 02 0f ff 16 21 02 03 09 06 01 00 47 07 00 ff 10 ff f7 02 02 0f ff 16 21 02 03 09 06 01 00 20 07 
00 ff 12 09 23 02 02 0f ff 16 23 02 03 09 06 01 00 34 07 00 ff 12 09 1d 02 02 0f ff 16 23 02 03 09 06 01 00 48 07 00 ff 
12 09 21 02 02 0f ff 16 23 b2 f5 7e 7e a0 2a 41 08 83 13 04 13 e6 e7 00 0f 40 00 00 00 00 01 01 02 03 09 06 01 00 01 07 
00 ff 06 00 00 00 00 02 02 0f 00 16 1b ae 27 7e 7e a0 2a 41 08 83 13 04 13 e6 e7 00 0f 40 00 00 00 00 01 01 02 03 09 06 
01 00 01 07 00 ff 06 00 00 00 00 02 02 0f 00 16 1b ae 27 7e 7e a0 2a 41 08 83 13 04 13 e6 e7 00 0f 40 00 00 00 00 01 01 
02 03 09 06 01 00 01 07 00 ff 06 00 00 00 00 02 02 0f 00 16 1b ae 27 7e 7e a1 1e 41 08 83 13 ee ee e6 e7 00 0f 40 00 00 
00 00 01 0d 02 02 09 06 01 01 00 02 81 ff 0a 0b 41 49 44 4f 4e 5f 56 30 30 30 31 02 02 09 06 00 00 60 01 00 ff 0a 10 37 
33 35 39 39 39 32 39 32 31 30 32 31 33 35 31 02 02 09 06 00 00 60 01 07 ff 0a 04 36 35 35 30 02 03 09 06 01 00 01 07 00 
ff 06 00 00 00 00 02 02 0f 00 16 1b 02 03 09 06 01 00 02 07 00 ff 06 00 00 02 47 02 02 0f 00 16 1b 02 03 09 06 01 00 03 
07 00 ff 06 00 00 00 00 02 02 0f 00 16 1d 02 03 09 06 01 00 04 07 00 ff 06 00 00 00 4e 02 02 0f 00 16 1d 02 03 09 06 01 
00 1f 07 00 ff 10 ff fa 02 02 0f ff 16 21 02 03 09 06 01 00 33 07 00 ff 10 ff f9 02 02 0f ff 16 21 02 03 09 06 01 00 47 
07 00 ff 10 ff f7 02 02 0f ff 16 21 02 03 09 06 01 00 20 07 00 ff 12 09 26 02 02 0f ff 16 23 02 03 09 06 01 00 34 07 00 
ff 12 09 20 02 02 0f ff 16 23 02 03 09 06 01 00 48 07 00 ff 12 09 24 02 02 0f ff 16 23 3b c6 7e 7e a0 2a 41 08 83 13 04 
13 e6 e7 00 0f 40 00 00 00 00 01 01 02 03 09 06 01 00 01 07 00 ff 06 00 00 00 00 02 02 0f 00 16 1b ae 27 7e 7e a0 2a 41 
08 83 13 04 13 e6 e7 00 0f 40 00 00 00 00 01 01 02 03 09 06 01 00 01 07 00 ff 06 00 00 00 00 02 02 0f 00 16 1b ae 27 7e 
7e a0 2a 41 08 83 13 04 13 e6 e7 00 0f 40 00 00 00 00 01 01 02 03 09 06 01 00 01 07 00 ff 06 00 00 00 00 02 02 0f 00 16 
1b ae 27 7e 7e a1 1e 41 08 83 13 ee ee e6 e7 00 0f 40 00 00 00 00 01 0d 02 02 09 06 01 01 00 02 81 ff 0a 0b 41 49 44 4f 
4e 5f 56 30 30 30 31 02 02 09 06 00 00 60 01 00 ff 0a 10 37 33 35 39 39 39 32 39 32 31 30 32 31 33 35 31 02 02 09 06 00 
00 60 01 07 ff 0a 04 36 35 35 30 02 03 09 06 01 00 01 07 00 ff 06 00 00 00 00 02 02 0f 00 16 1b 02 03 09 06 01 00 02 07 
00 ff 06 00 00 02 47 02 02 0f 00 16 1b 02 03 09 06 01 00 03 07 00 ff 06 00 00 00 00 02 02 0f 00 16 1d 02 03 09 06 01 00 
04 07 00 ff 06 00 00 00 50 02 02 0f 00 16 1d 02 03 09 06 01 00 1f 07 00 ff 10 ff fa 02 02 0f ff 16 21 02 03 09 06 01 00 
33 07 00 ff 10 ff f9 02 02 0f ff 16 21 02 03 09 06 01 00 47 07 00 ff 10 ff f7 02 02 0f ff 16 21 02 03 09 06 01 00 20 07 
00 ff 12 09 28 02 02 0f ff 16 23 02 03 09 06 01 00 34 07 00 ff 12 09 21 02 02 0f ff 16 23 02 03 09 06 01 00 48 07 00 ff 
12 09 26 02 02 0f ff 16 23 63 f9 7e 7e a0 2a 41 08 83 13 04 13 e6 e7 00 0f 40 00 00 00 00 01 01 02 03 09 06 01 00 01 07 
00 ff 06 00 00 00 00 02 02 0f 00 16 1b ae 27 7e 7e a0 2a 41 08 83 13 04 13 e6 e7 00 0f 40 00 00 00 00 01 01 02 03 09 06 
01 00 01 07 00 ff 06 00 00 00 00 02 02 0f 00 16 1b ae 27 7e 7e a0 2a 41 08 83 13 04 13 e6 e7 00 0f 40 00 00 00 00 01 01 
02 03 09 06 01 00 01 07 00 ff 06 00 00 00 00 02 02 0f 00 16 1b ae 27 7e 7e a1 1e 41 08 83 13 ee ee e6 e7 00 0f 40 00 00 
00 00 01 0d 02 02 09 06 01 01 00 02 81 ff 0a 0b 41 49 44 4f 4e 5f 56 30 30 30 31 02 02 09 06 00 00 60 01 00 ff 0a 10 37 
33 35 39 39 39 32 39 32 31 30 32 31 33 35 31 02 02 09 06 00 00 60 01 07 ff 0a 04 36 35 35 30 02 03 09 06 01 00 01 07 00 
ff 06 00 00 00 00 02 02 0f 00 16 1b 02 03 09 06 01 00 02 07 00 ff 06 00 00 02 54 02 02 0f 00 16 1b 02 03 09 06 01 00 03 
07 00 ff 06 00 00 00 00 02 02 0f 00 16 1d 02 03 09 06 01 00 04 07 00 ff 06 00 00 00 4e 02 02 0f 00 16 1d 02 03 09 06 01 
00 1f 07 00 ff 10 ff fa 02 02 0f ff 16 21 02 03 09 06 01 00 33 07 00 ff 10 ff f8 02 02 0f ff 16 21 02 03 09 06 01 00 47 
07 00 ff 10 ff f7 02 02 0f ff 16 21 02 03 09 06 01 00 20 07 00 ff 12 09 27 02 02 0f ff 16 23 02 03 09 06 01 00 34 07 00 
ff 12 09 21 02 02 0f ff 16 23 02 03 09 06 01 00 48 07 00 ff 12 09 26 02 02 0f ff 16 23 bb 55 7e 7e a0 2a 41 08 83 13 04 
13 e6 e7 00 0f 40 00 00 00 00 01 01 02 03 09 06 01 00 01 07 00 ff 06 00 00 00 00 02 02 0f 00 16 1b ae 27 7e 7e a0 2a 41 
08 83 13 04 13 e6 e7 00 0f 40 00 00 00 00 01 01 02 03 09 06 01 00 01 07 00 ff 06 00 00 00 00 02 02 0f 00 16 1b ae 27 7e 
7e a0 2a 41 08 83 13 04 13 e6 e7 00 0f 40 00 00 00 00 01 01 02 03 09 06 01 00 01 07 00 ff 06 00 00 00 00 02 02 0f 00 16 
1b ae 27 7e 7e a1 1e 41 08 83 13 ee ee e6 e7 00 0f 40 00 00 00 00 01 0d 02 02 09 06 01 01 00 02 81 ff 0a 0b 41 49 44 4f 
4e 5f 56 30 30 30 31 02 02 09 06 00 00 60 01 00 ff 0a 10 37 33 35 39 39 39 32 39 32 31 30 32 31 33 35 31 02 02 09 06 00 
00 60 01 07 ff 0a 04 36 35 35 30 02 03 09 06 01 00 01 07 00 ff 06 00 00 00 00 02 02 0f 00 16 1b 02 03 09 06 01 00 02 07 
00 ff 06 00 00 02 5a 02 02 0f 00 16 1b 02 03 09 06 01 00 03 07 00 ff 06 00 00 00 00 02 02 0f 00 16 1d 02 03 09 06 01 00 
04 07 00 ff 06 00 00 00 4e 02 02 0f 00 16 1d 02 03 09 06 01 00 1f 07 00 ff 10 ff fa 02 02 0f ff 16 21 02 03 09 06 01 00 
33 07 00 ff 10 ff f8 02 02 0f ff 16 21 02 03 09 06 01 00 47 07 00 ff 10 ff f7 02 02 0f ff 16 21 02 03 09 06 01 00 20 07 
00 ff 12 09 28 02 02 0f ff 16 23 02 03 09 06 01 00 34 07 00 ff 12 09 22 02 02 0f ff 16 23 02 03 09 06 01 00 48 07 00 ff 
12 09 26 02 02 0f ff 16 23 03 79 7e 7e a0 2a 41 08 83 13 04 13 e6 e7 00 0f 40 00 00 00 00 01 01 02 03 09 06 01 00 01 07 
00 ff 06 00 00 00 00 02 02 0f 00 16 1b ae 27 7e 7e a0 2a 41 08 83 13 04 13 e6 e7 00 0f 40 00 00 00 00 01 01 02 03 09 06 
01 00 01 07 00 ff 06 00 00 00 00 02 02 0f 00 16 1b ae 27 7e 7e a0 2a 41 08 83 13 04 13 e6 e7 00 0f 40 00 00 00 00 01 01 
02 03 09 06 01 00 01 07 00 ff 06 00 00 00 00 02 02 0f 00 16 1b ae 27 7e 7e a1 1e 41 08 83 13 ee ee e6 e7 00 0f 40 00 00 
00 00 01 0d 02 02 09 06 01 01 00 02 81 ff 0a 0b 41 49 44 4f 4e 5f 56 30 30 30 31 02 02 09 06 00 00 60 01 00 ff 0a 10 37 
33 35 39 39 39 32 39 32 31 30 32 31 33 35 31 02 02 09 06 00 00 60 01 07 ff 0a 04 36 35 35 30 02 03 09 06 01 00 01 07 00 
ff 06 00 00 00 00 02 02 0f 00 16 1b 02 03 09 06 01 00 02 07 00 ff 06 00 00 02 6b 02 02 0f 00 16 1b 02 03 09 06 01 00 03 
07 00 ff 06 00 00 00 00 02 02 0f 00 16 1d 02 03 09 06 01 00 04 07 00 ff 06 00 00 00 4d 02 02 0f 00 16 1d 02 03 09 06 01 
00 1f 07 00 ff 10 ff fa 02 02 0f ff 16 21 02 03 09 06 01 00 33 07 00 ff 10 ff f8 02 02 0f ff 16 21 02 03 09 06 01 00 47 
07 00 ff 10 ff f7 02 02 0f ff 16 21 02 03 09 06 01 00 20 07 00 ff 12 09 24 02 02 0f ff 16 23 02 03 09 06 01 00 34 07 00 
ff 12 09 1e 02 02 0f ff 16 23 02 03 09 06 01 00 48 07 00 ff 12 09 21 02 02 0f ff 16 23 a5 58 7e 7e a0 2a 41 08 83 13 04 
13 e6 e7 00 0f 40 00 00 00 00 01 01 02 03 09 06 01 00 01 07 00 ff 06 00 00 00 00 02 02 0f 00 16 1b ae 27 7e 7e a0 2a 41 
08 83 13 04 13 e6 e7 00 0f 40 00 00 00 00 01 01 02 03 09 06 01 00 01 07 00 ff 06 00 00 00 00 02 02 0f 00 16 1b ae 27 7e 
7e a0 2a 41 08 83 13 04 13 e6 e7 00 0f 40 00 00 00 00 01 01 02 03 09 06 01 00 01 07 00 ff 06 00 00 00 00 02 02 0f 00 16 
1b ae 27 7e 7e a1 1e 41 08 83 13 ee ee e6 e7 00 0f 40 00 00 00 00 01 0d 02 02 09 06 01 01 00 02 81 ff 0a 0b 41 49 44 4f 
4e 5f 56 30 30 30 31 02 02 09 06 00 00 60 01 00 ff 0a 10 37 33 35 39 39 39 32 39 32 31 30 32 31 33 35 31 02 02 09 06 00 
00 60 01 07 ff 0a 04 36 35 35 30 02 03 09 06 01 00 01 07 00 ff 06 00 00 00 00 02 02 0f 00 16 1b 02 03 09 06 01 00 02 07 
00 ff 06 00 00 02 73 02 02 0f 00 16 1b 02 03 09 06 01 00 03 07 00 ff 06 00 00 