 7e a1 0b 41 08 83 13 fa 7c e6 e7 00 0f 40 00 00 00 00 01 0c
 02 02 09 06 01 01 00 02 81 ff 0a 0b 41 49 44 4f 4e 5f 56 30
 30 30 31 02 02 09 06 00 00 60 01 00 ff 0a 10 37 33 35 39 39
 39 32 39 32 35 39 30 35 36 32 36 02 02 09 06 00 00 60 01 07
 ff 0a 04 36 35 32 35 02 03 09 06 01 00 01 07 00 ff 06 00 00
 00 00 02 02 0f 00 16 1b 02 03 09 06 f1 7e a0 2a 41 08 83 13
 04 13 e6 e7 00 0f 40 00 00 00 00 01 01 02 03 09 06 01 00 01
 07 00 ff 06 00 00 00 00 02 02 0f 00 16 1b ae 27 7e 06 f1 7e a0 06 f1 7e a0 2a 41 08 83 13 04 13 e6 e7 00 0f 40 00 00 00 00
 01 01 02 03 09 06 01 00 01 07 00 ff 06 00 00 00 00 02 02 0f
 00 16 1b ae 27 7e 7e a0 2a 41 08 83 13 04 13 e6 e7 00 0f 40
 00 00 00 00 01 01 02 03 09 06 01 00 01 07 00 ff 06 00 00 00
 00 02 02 0f 00 16 1b ae 27 7e 7e a0 2a 41 08 83 13 04 13 e6 e7 00 0f 40 00 00 00 00 01 01
 02 03 09 06 01 00 01 07 00 ff 06 00 00 00 00 02 02 0f 00 16
 1b ae 27 7e 7e a1 0b 41 08 83 13 fa 7c e6 e7 00 0f 40 00 00 00 00 01 0c
 02 02 09 06 01 01 00 02 81 ff 0a 0b 41 49 44 4f 4e 5f 56 30
 30 30 31 02 02 09 06 00 00 60 01 00 ff 0a 10 37 33 35 39 39
 39 32 39 32 35 39 30 35 36 32 36 02 02 09 06 00 00 60 01 07
 ff 0a 04 36 35 32 35 02 03 09 06 01 00 01 07 00 ff 06 00 00
 00 00 02 02 0f 00 16 1b 02 03 09 86 f1 7e a0 2a 41 08