 40 98 b0 10 20 b1 43 dd 22 fe 7e a0 2a 41 08 83 13 04 13 e6
 e7 00 0f 40 00 00 00 00 01 01 02 03 09 06 01 00 01 07 00 ff
 06 00 00 00 00 02 02 0f 00 16 1b ae 27 7e 06 01 00 04 07 00 ff 06 00 00 00 00 02 02 0f 00 16 1d 02 03
 09 06 01 00 1f 07 00 ff 10 00 00 02 02 0f ff 16 21 02 03 09
 06 01 00 47 07 00 ff 10 00 00 02 02 0f ff 16 21 02 03 09 06
 01 00 20 07 00 ff 12 09 42 02 02 0f ff 16 23 02 03 09 06 01
 00 34 07 00 ff 12 09 3f 02 02 0f ff 16 23 02 03 09 06 01 00
 48 07 00 ff 12 09 31 02 02 0f ff 16 23 f6 88 7e 7e a0 2a 41
 08 83 13 04 13 e6 e7 00 0f 40 00 00 00 00 01 01 02 03 09 06
 01 00 01 07 00 ff 06 00 00 00 00 02 02 0f 00 16 1b ae 27 7e
 7e a0 2a 41 08 83 13 04 13 e6 e7 00 0f 40 00 00 00 00 01 01
 02 03 09 06 01 00 01 07 00 ff 06 00 00 00 00 02 02 0f 00 16
 1b ae 27 7e 7e a0 2a 41 08 83 13 04 13 e6 e7 00 0f 40 00 00
 00 00 01 01 02 03 09 06 01 00 01 07 00 ff 06 00 00 00 00 02
 02 0f 00 16 1b ae 27 7e 7e a1 0b 41 08 83 13 fa 7c e6 e7 00 0f 40 00 00 00 00 01 0c
 02 02 09 06 01 01 00 02 81 ff 0a 0b 41 49 44 4f 4e 5f 56 30
 30 30 31 02 02 09 06 00 00 60 01 00 ff 0a 10 37 33 35 39 39
 39 32 39 32 35 39 30 35 36 32 36 02 02 09 06 00 00 60 01 07
 ff 0a 04 36 35 32 35 02 03 09 06 01 00 01 07 00 ff 06 00 00
 00 00 02 02 0f 00 16 1b 02 03 09 06 01 00 02 07 00 ff 06 00
 00 00 00 02 02 0f 00 16 1b 02 03 09 06 01 00 03 07 00 ff 06
 00 00 00 04 02 02 0f 00 16 1d 02 03 09 06 01 00 04 07 00 ff
 06 00 00 00 00 02 02 0f 00 16 1d 02 03 09 06 01 00 1f 07 00
 ff 10 00 00 02 02 0f ff 16 21 02 03 09 06 01 00 47 07 00 ff
 10 00 00 02 02 0f ff 16 21 02 03 09 06 01 00 20 07 00 ff 12
 09 43 02 02 0f ff 16 23 02 03 09 06 01 00 34 07 00 ff 12 09
 41 02 02 0f ff 16 23 02 03 09 06 01 00 48 07 00 ff 12 09 34
 02 02 0f ff 16 23 3a 18 7e 7e a0 2a 41 08 83 13 04 13 e6 e7 00 0f 40 00 00 00 00 01 01
 02 03 09 06 01 00 01 07 00 ff 06 00 00 00 04 02 02 0f 00 16
 1b d8 48 7e 7e a0 2a 41 08 83 13 04 13 e6 e7 00 0f 40 00 00
 00 00 01 01 02 03 09 06 01 00 01 07 00 ff 06 00 00 00 00 02
 02 0f 00 16 1b ae 27 7e 7e a0 2a 41 08 83 13 04 13 e6 e7 00 0f 40 00 00 00 00 01 01
 02 03 09 06 01 00 01 07 00 ff 06 00 00 00 00 02 02 0f 00 16
 1b ae 27 7e 7e a1 0b 41 08 83 13 fa 7c e6 e7 00 0f 40 00 00
 00 00 01 0c 02 02 09 06 01 01 00 02 81 ff 0a 0b 41 49 44 4f
 4e 5f 56 30 30 30 31 02 02 09 06 00 00 60 01 00 ff 0a 10 37
 33 35 39 39 39 32 39 32 35 39 30 35 36 32 36 02 02 09 06 00
 00 60 01 07 ff 0a 04 36 35 32 35 02 03 09 06 01 00 01 07 00
 ff 06 00 00 00 00 02 02 0f 00 16 1b 02 03 09 06 01 00 02 07
 00 ff 06 00 00 00 00 02 02 0f 00 16 1b 02 03 09 06 01 00 03
 07 00 ff 06 00 00 00 00 02 02 0f 00 16 1d 02 03 09 06 01 00
 04 07 00 7e a1 0b 41 08 83 13 fa 7c e6 e7 00 0f 40 00 00 00 00 01 0c
 02 02 09 06 01 01 00 02 81 ff 0a 0b 41 49 44 4f 4e 5f 56 30
 30 30 31 02 02 09 06 00 00 60 01 00 ff 0a 10 37 33 35 39 39
 39 32 39 32 35 39 30 35 36 32 36 02 02 09 06 00 00 60 01 07
 ff 0a 04 36 35 32 35 02 03 09 06 01 00 01 07 00 ff 06 00 00
 00 00 02 02 0f 00 16 1b 02 03 09 06 01 00 02 07 00 ff 06 00
 00 00 00 02 02 0f 00 16 1b 02 03 09 06 01 00 03 07 00 ff 06
 00 00 00 00 02 02 0f 00 16 1d 02 03 09 06 01 00 04 07 00 ff
 06 00 00 00 00 02 02 0f 00 16 1d 02 03 09 06 01 00 1f 07 00
 ff 10 00 00 02 02 0f ff 16 21 02 03 09 06 01 00 47 07 00 ff
 10 00 00 02 02 0f ff 16 21 02 03 09 06 01 00 20 07 00 ff 12
 09 46 02 02 0f ff 16 23 02 03 09 06 01 00 34 07 00 ff 12 09
 43 02 02 0f ff 16 23 02 03 09 06 01 00 48 07 00 ff 12 09 36
 02 02 0f ff 16 23 c0 f1 7e 7e a0 2a 41 08 83 13 04 13 e6 e7
 00 0f 40 00 00 00 00 01 01 02 03 09 06 01 00 01 07 00 ff 06
 00 00 00 00 02 02 0f 00 16 1b ae 27 7e 7e a0 2a 41 08 83 13 04 13 e6 e7 00 0f 40 00 00 00 00 01 01
 02 03 09 06 01 00 01 07 00 ff 06 00 00 00 00 02 02 0f 00 16
 1b ae 27 7e 7e a0 2a 41 08 83 13 04 13 e6 e7 00 0f 40 00 00
 00 00 01 01 02 03 09 06 01 00 01 07 00 ff 06 00 00 00 00 02
 02 0f 00 16 1b ae 27 7e 7e a1 0b 41 08 83 13 fa 7c e6 e7 00 0f 40 00 00 00 00 01 0c
 02 02 09 06 01 01 00 02 81 ff 0a 0b 41 49 44 4f 4e 5f 56 30
 30 30 31 02 02 09 06 00 00 60 01 00 ff 0a 10 37 33 35 39 39
 39 32 39 32 35 39 30 35 36 32 36 02 02 09 06 00 00 60 01 07
 ff 0a 04 36 35 32 35 02 03 09 06 01 00 01 07 00 ff 06 00 00
 00 00 02 02 0f 00 16 1b 02 03 09 06 01 00 02 07 00 ff 06 00
 00 00 00 02 02 0f 00 16 1b 02 03 09 06 01 00 03 07 00 ff 06
 00 00 00 04 02 02 0f 00 16 1d 02 03 09 06 01 00 04 07 00 ff
 06 00 00 00 00 02 02 0f 00 16 1d 02 03 09 06 01 00 1f 07 00
 ff 10 00 00 02 02 0f ff 16 21 02 03 09 06 01 00 47 07 00 ff
 10 00 00 02 02 0f ff 16 21 02 03 09 06 01 00 20 07 00 ff 12
 09 47 02 02 0f ff 16 23 02 03 09 06 01 00 34 07 00 ff 12 09
 44 02 02 0f ff 16 23 02 03 09 06 01 00 48 07 00 ff 12 09 36
 02 02 0f ff 16 23 4e 17 7e 7e a0 2a 41 08 83 13 04 13 e6 e7 00 0f 40 00 00 00 00 01 01
 02 03 09 06 01 00 01 07 00 ff 06 00 00 00 00 02 02 0f 00 16
 1b ae 27 7e 7e a0 2a 41 08 83 13 04 13 e6 e7 00 0f 40 00 00
 00 00 01 01 02 03 09 06 01 00 01 07 00 ff 06 00 00 00 00 02
 02 0f 00 16 1b ae 27 7e 7e a0 2a 41 08 83 13 04 13 e6 e7 00 0f 40 00 00 00 00 01 01
 02 03 09 06 01 00 01 07 00 ff 06 00 00 00 00 02 02 0f 00 16
 1b ae 27 7e 7e a1 0b 41 08 83 13 fa 7c e6 e7 00 0f 40 00 00
 00 00 01 0c 02 02 09 06 01 01 00 02 81 ff 0a 0b 41 49 44 4f
 4e 5f 56 30 30 30 31 02 02 09 06 00 00 60 01 00 ff 0a 10 37
 33 35 39 39 39 32 39 32 35 39 30 35 36 32 36 02 02 09 06 00
 00 60 01 07 ff 0a 04 36 35 32 35 02 03 09 06 01 00 01 07 00
 ff 06 00 00 00 00 02 02 0f 00 16 1b 02 03 09 06 01 00 02 07
 00 ff 06 00 00 00 00 02 02 0f 00 16 1b 02 03 09 06 01 00 03
 07 00 ff 06 00 00 00 00 02 02 0f 00 16 1d 02 03 09 06 01 00
 04 07 00 ff 06 00 00 00 04 02 02 0f 00 16 1d 02 03 09 06 01
 00 1f 07 7e a1 0b 41 08 83 13 fa 7c e6 e7 00 0f 40 00 00 00 00 01 0c
 02 02 09 06 01 01 00 02 81 ff 0a 0b 41 49 44 4f 4e 5f 56 30
 30 30 31 02 02 09 06 00 00 60 01 00 ff 0a 10 37 33 35 39 39
 39 32 39 32 35 39 30 35 36 32 36 02 02 09 06 00 00 60 01 07
 ff 0a 04 36 35 32 35 02 03 09 06 01 00 01 07 00 ff 06 00 00
 00 00 02 02 0f 00 16 1b 02 03 09 06 01 00 02 07 00 ff 06 00
 00 00 00 02 02 0f 00 16 1b 02 03 09 06 01 00 03 07 00 ff 06
 00 00 00 00 02 02 0f 00 16 1d 02 03 09 06 01 00 04 07 00 ff
 06 00 00 00 04 02 02 0f 00 16 1d 02 03 09 06 01 00 1f 07 00
 ff 10 00 00 02 02 0f ff 16 21 02 03 09 06 01 00 47 07 00 ff
 10 00 00 02 02 0f ff 16 21 02 03 09 06 01 00 20 07 00 ff 12
 09 46 02 02 0f ff 16 23 02 03 09 06 01 00 34 07 00 ff 12 09
 42 02 02 0f ff 16 23 02 03 09 06 01 00 48 07 00 ff 12 09 34
 02 02 0f ff 16 23 5c 22 7e 7e a0 2a 41 08 83 13 04 13 e6 e7
 00 0f 40 00 00 00 00 01 01 02 03 09 06 01 00 01 07 00 ff 06
 00 00 00 00 02 02 0f 00 16 1b ae 27 7e 7e a0 2a 41 08 83 13 04 13 e6 e7 00 0f 40 00 00 00 00 01 01
 02 03 09 06 01 00 01 07 00 ff 06 00 00 00 00 02 02 0f 00 16
 1b ae 27 7e 7e a0 2a 41 08 83 13 04 13 e6 e7 00 0f 40 00 00
 00 00 01 01 02 03 09 06 01 00 01 07 00 ff 06 00 00 00 00 02
 02 0f 00 16 1b ae 27 7e 7e a1 0b 41 08 83 13 fa 7c e6 e7 00 0f 40 00 00 00 00 01 0c
 02 02 09 06 01 01 00 02 81 ff 0a 0b 41 49 44 4f 4e 5f 56 30
 30 30 31 02 02 09 06 00 00 60 01 00 ff 0a 10 37 33 35 39 39
 39 32 39 32 35 39 30 35 36 32 36 02 02 09 06 00 00 60 01 07
 ff 0a 04 36 35 32 35 02 03 09 06 01 00 01 07 00 ff 06 00 00
 00 00 02 02 0f 00 16 1b 02 03 09 06 01 00 02 07 00 ff 06 00
 00 00 00 02 02 0f 00 16 1b 02 03 09 06 01 00 03 07 00 ff 06
 00 00 00 00 02 02 0f 00 16 1d 02 03 09 06 01 00 04 07 00 ff
 06 00 00 00 00 02 02 0f 00 16 1d 02 03 09 06 01 00 1f 07 00
 ff 10 00 00 02 02 0f ff 16 21 02 03 09 06 01 00 47 07 00 ff
 10 00 00 02 02 0f ff 16 21 02 03 09 06 01 00 20 07 00 ff 12
 09 47 02 02 0f ff 16 23 02 03 09 06 01 00 34 07 00 ff 12 09
 43 02 02 0f ff 16 23 02 03 09 06 01 00 48 07 00 ff 12 09 36
 02 02 0f ff 16 23 fb c7 7e